model_name,n_seeds,simple_random_error_mean,simple_random_error_std,simple_random_prediction_mean,simple_random_prediction_std,simple_random_true_performance_mean,simple_random_true_performance_std
open-llm-leaderboard/details_logicker__SkkuDataScienceGlobal-10.7b,1,0.117,0.0,0.8,0.0,0.683,0.0
open-llm-leaderboard/details_kyujinpy__Sakura-SOLRCA-Math-Instruct-DPO-v1,1,0.0245,0.0,0.7,0.0,0.6755,0.0
open-llm-leaderboard/details_fblgit__UNA-POLAR-10.7B-InstructMath-v2,1,0.2057,0.0,0.9,0.0,0.6943,0.0
open-llm-leaderboard/details_abacusai__MetaMath-bagel-34b-v0.2-c1500,1,0.0,0.0,0.8,0.0,0.8,0.0
open-llm-leaderboard/details_meta-math__MetaMath-70B-V1.0,1,0.0717,0.0,0.8,0.0,0.7283,0.0
open-llm-leaderboard/details_SanjiWatsuki__neural-chat-7b-v3-3-wizardmath-dare-me,1,0.166,0.0,0.8,0.0,0.634,0.0
open-llm-leaderboard/details_abacusai__Fewshot-Metamath-OrcaVicuna-Mistral,1,0.0283,0.0,0.7,0.0,0.6717,0.0
open-llm-leaderboard/details_WizardLM__WizardMath-7B-V1.0,1,0.0358,0.0,0.5,0.0,0.4642,0.0
open-llm-leaderboard/details_meta-math__MetaMath-Llemma-7B,1,0.0208,0.0,0.5,0.0,0.4792,0.0
open-llm-leaderboard/details_rameshm__llama-2-13b-mathgpt-v4,1,0.2642,0.0,0.2,0.0,0.4642,0.0
open-llm-leaderboard/details_qblocks__mistral_7b_DolphinCoder,1,0.0547,0.0,0.7,0.0,0.6453,0.0
open-llm-leaderboard/details_FelixChao__vicuna-33b-coder,1,0.1774,0.0,0.4,0.0,0.5774,0.0
open-llm-leaderboard/details_rombodawg__LosslessMegaCoder-llama2-13b-mini,1,0.2075,0.0,0.4,0.0,0.6075,0.0
open-llm-leaderboard/details_WizardLM__WizardCoder-Python-34B-V1.0,1,0.0321,0.0,0.5,0.0,0.5321,0.0
open-llm-leaderboard/details_OpenBuddy__openbuddy-deepseekcoder-33b-v16.1-32k,1,0.1962,0.0,0.2,0.0,0.3962,0.0
open-llm-leaderboard/details_jondurbin__airocoder-34b-2.1,1,0.2245,0.0,0.3,0.0,0.5245,0.0
open-llm-leaderboard/details_bigcode__starcoderplus,1,0.183,0.0,0.3,0.0,0.483,0.0
open-llm-leaderboard/details_deepseek-ai__deepseek-coder-6.7b-instruct,1,0.0113,0.0,0.4,0.0,0.4113,0.0
open-llm-leaderboard/details_glaiveai__glaive-coder-7b,1,0.066,0.0,0.3,0.0,0.366,0.0
open-llm-leaderboard/details_uukuguy__speechless-coder-ds-6.7b,1,0.2264,0.0,0.2,0.0,0.4264,0.0
open-llm-leaderboard/details_WizardLM__WizardCoder-15B-V1.0,1,0.0585,0.0,0.3,0.0,0.2415,0.0
open-llm-leaderboard/details_LoupGarou__WizardCoder-Guanaco-15B-V1.1,1,0.066,0.0,0.3,0.0,0.234,0.0
open-llm-leaderboard/details_deepseek-ai__deepseek-coder-1.3b-instruct,1,0.1019,0.0,0.2,0.0,0.3019,0.0
open-llm-leaderboard/details_uukuguy__speechless-coder-ds-1.3b,1,0.0604,0.0,0.2,0.0,0.2604,0.0
open-llm-leaderboard/details_bigcode__tiny_starcoder_py,1,0.0019,0.0,0.3,0.0,0.2981,0.0
open-llm-leaderboard/details_AdaptLLM__finance-chat,1,0.0321,0.0,0.5,0.0,0.5321,0.0
open-llm-leaderboard/details_ceadar-ie__FinanceConnect-13B,1,0.2509,0.0,0.3,0.0,0.5509,0.0
open-llm-leaderboard/details_Harshvir__Llama-2-7B-physics,1,0.1358,0.0,0.4,0.0,0.5358,0.0
open-llm-leaderboard/details_FelixChao__vicuna-7B-physics,1,0.0396,0.0,0.5,0.0,0.5396,0.0
open-llm-leaderboard/details_lgaalves__gpt-2-xl_camel-ai-physics,1,0.0792,0.0,0.4,0.0,0.3208,0.0
open-llm-leaderboard/details_AdaptLLM__law-chat,1,0.217,0.0,0.3,0.0,0.517,0.0
open-llm-leaderboard/details_zhengr__MixTAO-7Bx2-MoE-DPO,1,0.0868,0.0,0.8,0.0,0.7132,0.0
open-llm-leaderboard/details_alignment-handbook__zephyr-7b-sft-full,1,0.0434,0.0,0.7,0.0,0.6566,0.0
open-llm-leaderboard/details_rombodawg__Leaderboard-killer-MoE_4x7b,1,0.0057,0.0,0.7,0.0,0.7057,0.0
open-llm-leaderboard/details_FelixChao__ExtremeDolphin-MoE,1,0.1094,0.0,0.8,0.0,0.6906,0.0
open-llm-leaderboard/details_moreh__MoMo-70B-lora-1.8.6-DPO,1,0.0264,0.0,0.8,0.0,0.8264,0.0
open-llm-leaderboard/details_Swisslex__Mixtral-Orca-v0.1,1,0.0717,0.0,0.8,0.0,0.7283,0.0
open-llm-leaderboard/details_wang7776__Mistral-7B-Instruct-v0.2-sparsity-20,1,0.0415,0.0,0.6,0.0,0.5585,0.0
open-llm-leaderboard/details_maywell__PiVoT-SUS-RP,1,0.0887,0.0,0.9,0.0,0.8113,0.0
open-llm-leaderboard/details_BAAI__Aquila2-34B,1,0.2,0.0,0.6,0.0,0.8,0.0
open-llm-leaderboard/details_CallComply__SOLAR-10.7B-Instruct-v1.0-128k,1,0.1811,0.0,0.8,0.0,0.6189,0.0
open-llm-leaderboard/details_h2m__mhm-7b-v1.3,1,0.1358,0.0,0.6,0.0,0.4642,0.0
open-llm-leaderboard/details_AA051611__limb,1,0.0849,0.0,0.7,0.0,0.7849,0.0
open-llm-leaderboard/details_huangyt__Mistral-7B-v0.1-Open-Platypus_2.5w-r16-gate_up_down,1,0.0792,0.0,0.6,0.0,0.6792,0.0
open-llm-leaderboard/details_Weyaxi__Bagel-Hermes-2x34b,1,0.0038,0.0,0.8,0.0,0.8038,0.0
open-llm-leaderboard/details_macadeliccc__laser-dolphin-mixtral-2x7b-dpo,1,0.0245,0.0,0.7,0.0,0.6755,0.0
open-llm-leaderboard/details_Weyaxi__Bagel-Hermes-34B-Slerp,1,0.0189,0.0,0.8,0.0,0.8189,0.0
open-llm-leaderboard/details_HenryJJ__dolphin-2.6-mistral-7b-dpo-orca-v3,1,0.0906,0.0,0.6,0.0,0.6906,0.0
open-llm-leaderboard/details_Weyaxi__Helion-4x34B,1,0.0151,0.0,0.8,0.0,0.8151,0.0
open-llm-leaderboard/details_cloudyu__Yi-34Bx3-MoE-90B,1,0.0038,0.0,0.8,0.0,0.8038,0.0
open-llm-leaderboard/details_flemmingmiguel__NeuDist-Ro-7B,1,0.083,0.0,0.8,0.0,0.717,0.0
open-llm-leaderboard/details_FelixChao__WizardDolphin-7B,1,0.0755,0.0,0.6,0.0,0.6755,0.0
open-llm-leaderboard/details_Unbabel__TowerInstruct-7B-v0.1,1,0.1717,0.0,0.3,0.0,0.4717,0.0
open-llm-leaderboard/details_chanwit__flux-7b-v0.1,1,0.0981,0.0,0.8,0.0,0.7019,0.0
open-llm-leaderboard/details_charlesdedampierre__TopicNeuralHermes-2.5-Mistral-7B,1,0.0132,0.0,0.7,0.0,0.6868,0.0
open-llm-leaderboard/details_superlazycoder__NeuralPipe-7B-slerp,1,0.1132,0.0,0.8,0.0,0.6868,0.0
open-llm-leaderboard/details_Pierre-obi__Mistral_solar-slerp,1,0.1226,0.0,0.3,0.0,0.4226,0.0
open-llm-leaderboard/details_rishiraj__oswald-7b,1,0.0019,0.0,0.7,0.0,0.7019,0.0
open-llm-leaderboard/details_elyza__ELYZA-japanese-Llama-2-13b-instruct,1,0.0038,0.0,0.6,0.0,0.5962,0.0
open-llm-leaderboard/details_rishiraj__oswald-2x7b,1,0.0132,0.0,0.7,0.0,0.7132,0.0
open-llm-leaderboard/details_umd-zhou-lab__claude2-alpaca-13B,1,0.1302,0.0,0.5,0.0,0.6302,0.0
open-llm-leaderboard/details_CultriX__MistralTrixTest,1,0.183,0.0,0.9,0.0,0.717,0.0
open-llm-leaderboard/details_Delcos__Velara-11B-V2,1,0.0604,0.0,0.6,0.0,0.6604,0.0
open-llm-leaderboard/details_RatanRohith__MistralBeagle-RS-7B-V0.1,1,0.1943,0.0,0.9,0.0,0.7057,0.0
open-llm-leaderboard/details_cognitivecomputations__yayi2-30b-llama,1,0.0717,0.0,0.8,0.0,0.7283,0.0
open-llm-leaderboard/details_Sao10K__Sensualize-Mixtral-bf16,1,0.2113,0.0,1.0,0.0,0.7887,0.0
open-llm-leaderboard/details_Weyaxi__MetaMath-OpenHermes-2.5-neural-chat-v3-3-Slerp,1,0.0132,0.0,0.7,0.0,0.7132,0.0
open-llm-leaderboard/details_AA051610__A0106,1,0.1113,0.0,0.7,0.0,0.8113,0.0
open-llm-leaderboard/details_mlabonne__NeuralMarcoro14-7B,1,0.083,0.0,0.8,0.0,0.717,0.0
open-llm-leaderboard/details_Neuronovo__neuronovo-7B-v0.1,1,0.1245,0.0,0.8,0.0,0.6755,0.0
open-llm-leaderboard/details_notbdq__alooowso,1,0.0679,0.0,0.6,0.0,0.6679,0.0
open-llm-leaderboard/details_Sao10K__Sensualize-Solar-10.7B,1,0.0057,0.0,0.7,0.0,0.6943,0.0
open-llm-leaderboard/details_rombodawg__Open_Gpt4_8x7B,1,0.1113,0.0,0.9,0.0,0.7887,0.0
open-llm-leaderboard/details_shadowml__Daredevil-7B,1,0.1415,0.0,0.9,0.0,0.7585,0.0
open-llm-leaderboard/details_Mihaiii__Pallas-0.5-LASER-0.6,1,0.0113,0.0,0.8,0.0,0.7887,0.0
open-llm-leaderboard/details_ewqr2130__mistral-se-inst-ppo,1,0.1755,0.0,0.5,0.0,0.6755,0.0
open-llm-leaderboard/details_TomGrc__FusionNet_passthrough,1,0.117,0.0,0.8,0.0,0.683,0.0
open-llm-leaderboard/details_chargoddard__mixtralmerge-8x7B-rebalanced-test,1,0.1075,0.0,0.9,0.0,0.7925,0.0
open-llm-leaderboard/details_UCLA-AGI__test0,1,0.0566,0.0,0.6,0.0,0.6566,0.0
open-llm-leaderboard/details_Mihaiii__Pallas-0.5-LASER-exp2-0.1,1,0.0075,0.0,0.8,0.0,0.8075,0.0
open-llm-leaderboard/details_Mihaiii__Pallas-0.5-LASER-0.1,1,0.0075,0.0,0.8,0.0,0.7925,0.0
open-llm-leaderboard/details_UCLA-AGI__test,1,0.0792,0.0,0.6,0.0,0.6792,0.0
open-llm-leaderboard/details_Mihaiii__Pallas-0.5-LASER-0.4,1,0.0189,0.0,0.8,0.0,0.7811,0.0
open-llm-leaderboard/details_jondurbin__bagel-dpo-34b-v0.2,1,0.0925,0.0,0.9,0.0,0.8075,0.0
open-llm-leaderboard/details_qblocks__codellama_7b_DolphinCoder,1,0.0396,0.0,0.3,0.0,0.3396,0.0
open-llm-leaderboard/details_OpenBuddy__openbuddy-falcon-40b-v16.1-4k,1,0.2038,0.0,0.4,0.0,0.6038,0.0
open-llm-leaderboard/details_Weyaxi__Nous-Hermes-2-SUS-Chat-2x34B,1,0.0151,0.0,0.8,0.0,0.7849,0.0
open-llm-leaderboard/details_jae24__openhermes_dpo_norobot_0201,1,0.0396,0.0,0.7,0.0,0.6604,0.0
open-llm-leaderboard/details_kekmodel__StopCarbon-10.7B-v6,1,0.117,0.0,0.8,0.0,0.683,0.0
open-llm-leaderboard/details_HenryJJ__Instruct_Mistral-7B-v0.1_Dolly15K,1,0.0604,0.0,0.6,0.0,0.6604,0.0
open-llm-leaderboard/details_KnutJaegersberg__Qwen-1_8B-Llamafied,1,0.0283,0.0,0.5,0.0,0.5283,0.0
open-llm-leaderboard/details_cognitivecomputations__dolphin-2.2.1-mistral-7b,1,0.0792,0.0,0.6,0.0,0.6792,0.0
open-llm-leaderboard/details_NousResearch__Nous-Hermes-2-SOLAR-10.7B,1,0.1094,0.0,0.8,0.0,0.6906,0.0
open-llm-leaderboard/details_decapoda-research__Antares-11b-v1,1,0.0283,0.0,0.7,0.0,0.6717,0.0
open-llm-leaderboard/details_dfurman__Mistral-7B-Instruct-v0.2,1,0.1453,0.0,0.5,0.0,0.6453,0.0
open-llm-leaderboard/details_jeonsworld__CarbonVillain-en-10.7B-v3,1,0.017,0.0,0.7,0.0,0.683,0.0
open-llm-leaderboard/details_nlpguy__ColorShadow-7B,1,0.1094,0.0,0.6,0.0,0.7094,0.0
open-llm-leaderboard/details_Walmart-the-bag__Solar-10.7B-Cato,1,0.1396,0.0,0.8,0.0,0.6604,0.0
open-llm-leaderboard/details_Locutusque__Orca-2-13b-SFT-v6,1,0.0849,0.0,0.7,0.0,0.6151,0.0
open-llm-leaderboard/details_cognitivecomputations__dolphin-2.2-yi-34b-200k,1,0.0226,0.0,0.6,0.0,0.6226,0.0
open-llm-leaderboard/details_sr5434__CodegebraGPT-10b,1,0.0453,0.0,0.6,0.0,0.6453,0.0
open-llm-leaderboard/details_Azazelle__xDAN-SlimOrca,1,0.0283,0.0,0.7,0.0,0.6717,0.0
open-llm-leaderboard/details_spmurrayzzz__Mistral-Syndicate-7B,1,0.0868,0.0,0.6,0.0,0.6868,0.0
open-llm-leaderboard/details_beberik__rawr,1,0.017,0.0,0.7,0.0,0.717,0.0
open-llm-leaderboard/details_diffnamehard__Mistral-CatMacaroni-slerp-gradient,1,0.0094,0.0,0.7,0.0,0.6906,0.0
open-llm-leaderboard/details_NousResearch__Nous-Hermes-2-Yi-34B,1,0.0,0.0,0.8,0.0,0.8,0.0
open-llm-leaderboard/details_Weyaxi__openchat-3.5-1210-Seraph-Slerp,1,0.1094,0.0,0.8,0.0,0.6906,0.0
open-llm-leaderboard/details_SuperAGI__SAM,1,0.0943,0.0,0.6,0.0,0.6943,0.0
open-llm-leaderboard/details_diffnamehard__Mistral-CatMacaroni-slerp-uncensored,1,0.0208,0.0,0.7,0.0,0.7208,0.0
open-llm-leaderboard/details_liuda1__dm7b_sft_gpt88w_merge,1,0.1642,0.0,0.5,0.0,0.6642,0.0
open-llm-leaderboard/details_vikash06__mistral_v1,1,0.0906,0.0,0.6,0.0,0.5094,0.0
open-llm-leaderboard/details_abdulrahman-nuzha__finetuned-Mistral-5000-v1.0,1,0.1057,0.0,0.6,0.0,0.7057,0.0
open-llm-leaderboard/details_jeonsworld__CarbonVillain-en-10.7B-v1,1,0.117,0.0,0.8,0.0,0.683,0.0
open-llm-leaderboard/details_Azazelle__Half-NSFW_Noromaid-7b,1,0.0679,0.0,0.6,0.0,0.6679,0.0
open-llm-leaderboard/details_SanjiWatsuki__Loyal-Macaroni-Maid-7B,1,0.1094,0.0,0.8,0.0,0.6906,0.0
open-llm-leaderboard/details_openthaigpt__openthaigpt-1.0.0-beta-13b-chat-hf,1,0.2321,0.0,0.3,0.0,0.5321,0.0
open-llm-leaderboard/details_Weyaxi__OpenHermes-2.5-neural-chat-v3-3-openchat-3.5-1210-Slerp,1,0.1094,0.0,0.8,0.0,0.6906,0.0
open-llm-leaderboard/details_bn22__OpenHermes-2.5-Mistral-7B-MISALIGNED,1,0.0094,0.0,0.7,0.0,0.6906,0.0
open-llm-leaderboard/details_zyh3826__GML-Mistral-merged-v1,1,0.1792,0.0,0.9,0.0,0.7208,0.0
open-llm-leaderboard/details_brucethemoose__Yi-34B-200K-DARE-merge-v5,1,0.0189,0.0,0.8,0.0,0.8189,0.0
open-llm-leaderboard/details_crumb__apricot-wildflower-20,1,0.0943,0.0,0.6,0.0,0.6943,0.0
open-llm-leaderboard/details_Weyaxi__SauerkrautLM-UNA-SOLAR-Instruct,1,0.1283,0.0,0.8,0.0,0.6717,0.0
open-llm-leaderboard/details_luffycodes__vicuna-class-shishya-ac-hal-13b-ep3,1,0.0151,0.0,0.6,0.0,0.6151,0.0
open-llm-leaderboard/details_acrastt__kalomaze-stuff,1,0.0868,0.0,0.6,0.0,0.6868,0.0
open-llm-leaderboard/details_APMIC__caigun-lora-model-34B-v3,1,0.0075,0.0,0.8,0.0,0.7925,0.0
open-llm-leaderboard/details_Zangs3011__mistral_7b_DolphinCoder,1,0.0547,0.0,0.7,0.0,0.6453,0.0
open-llm-leaderboard/details_Mihaiii__Pallas-0.4,1,0.0038,0.0,0.8,0.0,0.8038,0.0
open-llm-leaderboard/details_KaeriJenti__Kaori-34B-v1,1,0.0226,0.0,0.8,0.0,0.7774,0.0
open-llm-leaderboard/details_fblgit__UNA-SOLAR-10.7B-Instruct-v1.0,1,0.1283,0.0,0.8,0.0,0.6717,0.0
open-llm-leaderboard/details_VAGOsolutions__SauerkrautLM-SOLAR-Instruct,1,0.2057,0.0,0.9,0.0,0.6943,0.0
open-llm-leaderboard/details_xDAN-AI__xDAN-L1Mix-DeepThinking-v2,1,0.1642,0.0,0.5,0.0,0.6642,0.0
open-llm-leaderboard/details_upaya07__Birbal-7B-V1,1,0.1604,0.0,0.5,0.0,0.6604,0.0
open-llm-leaderboard/details_rishiraj__CatPPT-base,1,0.1057,0.0,0.8,0.0,0.6943,0.0
open-llm-leaderboard/details_martyn__llama2-megamerge-dare-13b-v2,1,0.1698,0.0,0.4,0.0,0.5698,0.0
open-llm-leaderboard/details_martyn__mistral-megamerge-dare-7b,1,0.3528,0.0,0.9,0.0,0.5472,0.0
open-llm-leaderboard/details_Undi95__Mixtral-8x7B-MoE-RP-Story,1,0.0151,0.0,0.4,0.0,0.4151,0.0
open-llm-leaderboard/details_perlthoughts__Starling-LM-alpha-8x7B-MoE,1,0.0132,0.0,0.7,0.0,0.6868,0.0
open-llm-leaderboard/details_perlthoughts__Chupacabra-8x7B-MoE,1,0.017,0.0,0.7,0.0,0.683,0.0
open-llm-leaderboard/details_abhinand__tamil-llama-13b-instruct-v0.1,1,0.2321,0.0,0.3,0.0,0.5321,0.0
open-llm-leaderboard/details_kyujinpy__PlatYi-34B-Llama-Q-v3,1,0.0849,0.0,0.7,0.0,0.7849,0.0
open-llm-leaderboard/details_Open-Orca__Mixtral-SlimOrca-8x7B,1,0.0302,0.0,0.8,0.0,0.7698,0.0
open-llm-leaderboard/details_microsoft__phi-2,1,0.2113,0.0,0.4,0.0,0.6113,0.0
open-llm-leaderboard/details_jondurbin__bagel-7b-v0.1,1,0.0132,0.0,0.7,0.0,0.7132,0.0
open-llm-leaderboard/details_martyn__llama-megamerge-dare-13b,1,0.3113,0.0,0.3,0.0,0.6113,0.0
open-llm-leaderboard/details_rwitz2__pee,1,0.0717,0.0,0.8,0.0,0.7283,0.0
open-llm-leaderboard/details_janhq__supermario-slerp,1,0.0792,0.0,0.8,0.0,0.7208,0.0
open-llm-leaderboard/details_perlthoughts__Chupacabra-7B-v2.03-128k,1,0.2057,0.0,0.9,0.0,0.6943,0.0
open-llm-leaderboard/details_wang7776__Llama-2-7b-chat-hf-10-sparsity,1,0.0283,0.0,0.5,0.0,0.5283,0.0
open-llm-leaderboard/details_perlthoughts__Chupacabra-7B-v2.03,1,0.0981,0.0,0.8,0.0,0.7019,0.0
open-llm-leaderboard/details_chargoddard__servile-harpsichord-cdpo,1,0.2208,0.0,0.9,0.0,0.6792,0.0
open-llm-leaderboard/details_ehartford__dolphin-2.2-yi-34b-200k,1,0.0264,0.0,0.6,0.0,0.6264,0.0
open-llm-leaderboard/details_PulsarAI__OpenHermes-2.5-neural-chat-v3-3-Slerp,1,0.0906,0.0,0.8,0.0,0.7094,0.0
open-llm-leaderboard/details_Intel__neural-chat-7b-v3-3-Slerp,1,0.0132,0.0,0.7,0.0,0.6868,0.0
open-llm-leaderboard/details_kyujinpy__PlatYi-34B-200K-Q,1,0.1075,0.0,0.7,0.0,0.8075,0.0
open-llm-leaderboard/details_kyujinpy__PlatYi-34B-200k-Q-FastChat,1,0.1113,0.0,0.7,0.0,0.8113,0.0
open-llm-leaderboard/details_itsliupeng__openllama-7b-base,1,0.283,0.0,0.2,0.0,0.483,0.0
open-llm-leaderboard/details_jondurbin__spicyboros-70b-2.2,1,0.0792,0.0,0.8,0.0,0.7208,0.0
open-llm-leaderboard/details_bongchoi__MoMo-70B-LoRA-V1.1,1,0.1283,0.0,0.8,0.0,0.6717,0.0
open-llm-leaderboard/details_perlthoughts__Falkor-7b,1,0.0208,0.0,0.7,0.0,0.6792,0.0
open-llm-leaderboard/details_Locutusque__Orca-2-13B-no_robots,1,0.0736,0.0,0.7,0.0,0.6264,0.0
open-llm-leaderboard/details_Intel__neural-chat-7b-v3-3,1,0.0321,0.0,0.7,0.0,0.6679,0.0
open-llm-leaderboard/details_haoranxu__ALMA-13B,1,0.2358,0.0,0.3,0.0,0.5358,0.0
open-llm-leaderboard/details_hfl__chinese-alpaca-2-13b-16k,1,0.2509,0.0,0.3,0.0,0.5509,0.0
open-llm-leaderboard/details_WebraftAI__synapsellm-7b-mistral-v0.4-preview3,1,0.0264,0.0,0.6,0.0,0.6264,0.0
open-llm-leaderboard/details_webbigdata__ALMA-7B-Ja-V2,1,0.0245,0.0,0.5,0.0,0.4755,0.0
open-llm-leaderboard/details_uukuguy__speechless-code-mistral-7b-v2.0,1,0.0509,0.0,0.5,0.0,0.5509,0.0
open-llm-leaderboard/details_TokenBender__pic_7B_mistral_Full_v0.1,1,0.0642,0.0,0.6,0.0,0.6642,0.0
open-llm-leaderboard/details_Mihaiii__Pallas-0.2,1,0.0,0.0,0.8,0.0,0.8,0.0
open-llm-leaderboard/details_Q-bert__MetaMath-Cybertron,1,0.0094,0.0,0.7,0.0,0.6906,0.0
open-llm-leaderboard/details_migtissera__Tess-7B-v1.4,1,0.0642,0.0,0.6,0.0,0.6642,0.0
open-llm-leaderboard/details_ajibawa-2023__Python-Code-33B,1,0.1283,0.0,0.4,0.0,0.5283,0.0
open-llm-leaderboard/details_mrfakename__NeuralOrca-7B-v1,1,0.017,0.0,0.7,0.0,0.683,0.0
open-llm-leaderboard/details_adamo1139__Yi-34B-AEZAKMI-v1,1,0.0736,0.0,0.7,0.0,0.7736,0.0
open-llm-leaderboard/details_Weyaxi__Platypus-Nebula-v2-7B,1,0.0415,0.0,0.6,0.0,0.5585,0.0
open-llm-leaderboard/details_openaccess-ai-collective__DPOpenHermes-7B,1,0.0245,0.0,0.7,0.0,0.6755,0.0
open-llm-leaderboard/details_WebraftAI__synapsellm-7b-mistral-v0.3-preview,1,0.0962,0.0,0.5,0.0,0.5962,0.0
open-llm-leaderboard/details_simonveitner__MathHermes-2.5-Mistral-7B,1,0.017,0.0,0.7,0.0,0.683,0.0
open-llm-leaderboard/details_migtissera__Tess-XS-v1-3-yarn-128K,1,0.0604,0.0,0.6,0.0,0.6604,0.0
open-llm-leaderboard/details_xxyyy123__Mistral7B_adaptor_v1,1,0.1057,0.0,0.6,0.0,0.7057,0.0
open-llm-leaderboard/details_migtissera__Tess-M-v1.3,1,0.1377,0.0,0.7,0.0,0.8377,0.0
open-llm-leaderboard/details_maywell__Synatra-RP-Orca-2-7b-v0.1,1,0.0038,0.0,0.6,0.0,0.6038,0.0
open-llm-leaderboard/details_argilla__notus-7b-v1,1,0.0019,0.0,0.7,0.0,0.6981,0.0
open-llm-leaderboard/details_perlthoughts__Chupacabra-7B-v2,1,0.1245,0.0,0.8,0.0,0.6755,0.0
open-llm-leaderboard/details_speechlessai__speechless-mistral-7b-dare-0.85,1,0.0906,0.0,0.6,0.0,0.6906,0.0
open-llm-leaderboard/details_SciPhi__SciPhi-Self-RAG-Mistral-7B-32k,1,0.1736,0.0,0.8,0.0,0.6264,0.0
open-llm-leaderboard/details_l3utterfly__mistral-7b-v0.1-layla-v1,1,0.0283,0.0,0.7,0.0,0.6717,0.0
open-llm-leaderboard/details_maywell__Synatra-7B-v0.3-RP,1,0.0585,0.0,0.7,0.0,0.6415,0.0
open-llm-leaderboard/details_jondurbin__airoboros-m-7b-3.1.2,1,0.0642,0.0,0.6,0.0,0.6642,0.0
open-llm-leaderboard/details_bofenghuang__vigostral-7b-chat,1,0.0094,0.0,0.7,0.0,0.6906,0.0
open-llm-leaderboard/details_CobraMamba__mamba-gpt-7b-v1,1,0.0906,0.0,0.6,0.0,0.6906,0.0
open-llm-leaderboard/details_PeanutJar__Mistral-v0.1-PeanutButter-v0.0.2-7B,1,0.0943,0.0,0.6,0.0,0.6943,0.0
open-llm-leaderboard/details_Secbone__llama-2-13B-instructed,1,0.2302,0.0,0.4,0.0,0.6302,0.0
open-llm-leaderboard/details_elinas__chronos-70b-v2,1,0.1943,0.0,0.9,0.0,0.7057,0.0
open-llm-leaderboard/details_chargoddard__storytime-13b,1,0.1887,0.0,0.4,0.0,0.5887,0.0
open-llm-leaderboard/details_Sao10K__Stheno-1.8-L2-13B,1,0.1849,0.0,0.4,0.0,0.5849,0.0
open-llm-leaderboard/details_SkunkworksAI__Mistralic-7B-1,1,0.0755,0.0,0.6,0.0,0.6755,0.0
open-llm-leaderboard/details_DopeorNope__LaOT,1,0.0226,0.0,0.6,0.0,0.5774,0.0
open-llm-leaderboard/details_Undi95__ReMM-v2.1-L2-13B,1,0.2887,0.0,0.3,0.0,0.5887,0.0
open-llm-leaderboard/details_Charlie911__vicuna-7b-v1.5-lora-mixed-datasets-time-unit,1,0.1321,0.0,0.4,0.0,0.5321,0.0
open-llm-leaderboard/details_YeungNLP__firefly-llama2-13b-pretrain,1,0.1509,0.0,0.4,0.0,0.5509,0.0
open-llm-leaderboard/details_migtissera__SynthIA-7B-v1.3,1,0.0792,0.0,0.6,0.0,0.6792,0.0
open-llm-leaderboard/details_CHIH-HUNG__llama-2-13b-FINETUNE3_3.3w-r8-gate_up_down,1,0.3075,0.0,0.3,0.0,0.6075,0.0
open-llm-leaderboard/details_Envoid__Libra-19B,1,0.1962,0.0,0.4,0.0,0.5962,0.0
open-llm-leaderboard/details_Danielbrdz__Barcenas-13b,1,0.2189,0.0,0.4,0.0,0.6189,0.0
open-llm-leaderboard/details_AlekseyKorshuk__vic15-exp-syn-fight-cp3838,1,0.0208,0.0,0.5,0.0,0.5208,0.0
open-llm-leaderboard/details_CHIH-HUNG__llama-2-13b-FINETUNE5_4w-r4-q_k_v_o,1,0.0113,0.0,0.6,0.0,0.6113,0.0
open-llm-leaderboard/details_JosephusCheung__Pwen-14B-Chat-20_30,1,0.0528,0.0,0.6,0.0,0.6528,0.0
open-llm-leaderboard/details_KnutJaegersberg__deacon-13b,1,0.2226,0.0,0.4,0.0,0.6226,0.0
open-llm-leaderboard/details_LTC-AI-Labs__L2-7b-Synthia-WVG-Test,1,0.0057,0.0,0.5,0.0,0.5057,0.0
open-llm-leaderboard/details_llm-agents__tora-7b-v1.0,1,0.0943,0.0,0.4,0.0,0.4943,0.0
open-llm-leaderboard/details_zarakiquemparte__kuchiki-l2-7b,1,0.1057,0.0,0.4,0.0,0.5057,0.0
open-llm-leaderboard/details_DevaMalla__llama_7b_qlora_pds-eval,1,0.0887,0.0,0.3,0.0,0.3887,0.0
open-llm-leaderboard/details_BELLE-2__BELLE-Llama2-13B-chat-0.4M,1,0.0887,0.0,0.5,0.0,0.5887,0.0
open-llm-leaderboard/details_DevaMalla__llama_7b_lora,1,0.0547,0.0,0.3,0.0,0.3547,0.0
open-llm-leaderboard/details_dhmeltzer__llama-7b-SFT_ds_wiki65k_1024_r_64_alpha_16_merged,1,0.0604,0.0,0.4,0.0,0.4604,0.0
open-llm-leaderboard/details_Sao10K__Zephyrus-L1-33B,1,0.0509,0.0,0.5,0.0,0.5509,0.0
open-llm-leaderboard/details_jphme__em_german_leo_mistral,1,0.1585,0.0,0.4,0.0,0.5585,0.0
open-llm-leaderboard/details_CHIH-HUNG__llama-2-13b-FINETUNE4_3.8w-r8-q_k_v_o,1,0.2887,0.0,0.3,0.0,0.5887,0.0
open-llm-leaderboard/details_Brouz__Slerpeno,1,0.2226,0.0,0.4,0.0,0.6226,0.0
open-llm-leaderboard/details_togethercomputer__Llama-2-7B-32K-Instruct,1,0.0528,0.0,0.4,0.0,0.4528,0.0
open-llm-leaderboard/details_Doctor-Shotgun__mythospice-limarp-70b,1,0.0792,0.0,0.8,0.0,0.7208,0.0
open-llm-leaderboard/details_CHIH-HUNG__llama-2-13b-FINETUNE3_3.3w-r16-gate_up_down,1,0.3075,0.0,0.3,0.0,0.6075,0.0
open-llm-leaderboard/details_beaugogh__Llama2-7b-openorca-mc-v2-dpo,1,0.1453,0.0,0.7,0.0,0.5547,0.0
open-llm-leaderboard/details_Sao10K__BrainDerp2,1,0.034,0.0,0.6,0.0,0.634,0.0
open-llm-leaderboard/details_Undi95__MLewd-Chat-v2-13B,1,0.1774,0.0,0.4,0.0,0.5774,0.0
open-llm-leaderboard/details_lu-vae__llama2-13B-sharegpt4-orca-openplatypus-8w,1,0.0962,0.0,0.5,0.0,0.5962,0.0
open-llm-leaderboard/details_akjindal53244__Mistral-7B-v0.1-Open-Platypus,1,0.1755,0.0,0.5,0.0,0.6755,0.0
open-llm-leaderboard/details_HuggingFaceH4__starchat-beta,1,0.1642,0.0,0.3,0.0,0.4642,0.0
open-llm-leaderboard/details_CHIH-HUNG__llama-2-13b-FINETUNE1_17w-r4,1,0.2151,0.0,0.4,0.0,0.6151,0.0
open-llm-leaderboard/details_TinyPixel__testmodel2,1,0.0415,0.0,0.4,0.0,0.4415,0.0
open-llm-leaderboard/details_The-Face-Of-Goonery__Huginn-13b-v1.2,1,0.2472,0.0,0.3,0.0,0.5472,0.0
open-llm-leaderboard/details_mncai__Llama2-7B-guanaco-1k,1,0.1057,0.0,0.4,0.0,0.5057,0.0
open-llm-leaderboard/details_PocketDoc__Dans-AdventurousWinds-7b,1,0.0943,0.0,0.6,0.0,0.6943,0.0
open-llm-leaderboard/details_YeungNLP__firefly-llama2-7b-pretrain,1,0.0245,0.0,0.5,0.0,0.4755,0.0
open-llm-leaderboard/details_wei123602__llama2-13b-FINETUNE3_TEST,1,0.0038,0.0,0.6,0.0,0.5962,0.0
open-llm-leaderboard/details_Charlie911__vicuna-7b-v1.5-lora-mctaco-modified1,1,0.0057,0.0,0.5,0.0,0.5057,0.0
open-llm-leaderboard/details_CHIH-HUNG__llama-2-13b-FINETUNE4_3.8w-r8-q_k_v_o_gate_up_down,1,0.2849,0.0,0.3,0.0,0.5849,0.0
open-llm-leaderboard/details_TheBloke__Wizard-Vicuna-13B-Uncensored-HF,1,0.0717,0.0,0.4,0.0,0.4717,0.0
open-llm-leaderboard/details_TheBloke__airoboros-13B-HF,1,0.1509,0.0,0.4,0.0,0.5509,0.0
open-llm-leaderboard/details_NewstaR__Koss-7B-chat,1,0.017,0.0,0.5,0.0,0.517,0.0
open-llm-leaderboard/details_TigerResearch__tigerbot-13b-base,1,0.2736,0.0,0.3,0.0,0.5736,0.0
open-llm-leaderboard/details_PygmalionAI__pygmalion-2-13b,1,0.2415,0.0,0.4,0.0,0.6415,0.0
open-llm-leaderboard/details_dhmeltzer__Llama-2-13b-hf-ds_wiki_1024_full_r_64_alpha_16_merged,1,0.3151,0.0,0.3,0.0,0.6151,0.0
open-llm-leaderboard/details_HyperbeeAI__Tulpar-7b-v1,1,0.0,0.0,0.6,0.0,0.6,0.0
open-llm-leaderboard/details_maximuslee07__llama-2-7b-rockwell-final,1,0.2094,0.0,0.7,0.0,0.4906,0.0
open-llm-leaderboard/details_dotvignesh__perry-7b,1,0.1019,0.0,0.4,0.0,0.5019,0.0
open-llm-leaderboard/details_TheBloke__robin-65b-v2-fp16,1,0.0396,0.0,0.7,0.0,0.6604,0.0
open-llm-leaderboard/details_hyunseoki__ko-ref-llama2-13b,1,0.0226,0.0,0.4,0.0,0.3774,0.0
open-llm-leaderboard/details_jondurbin__airoboros-l2-70b-gpt4-m2.0,1,0.0642,0.0,0.8,0.0,0.7358,0.0
open-llm-leaderboard/details_Undi95__MLewd-ReMM-L2-Chat-20B,1,0.2226,0.0,0.4,0.0,0.6226,0.0
open-llm-leaderboard/details_yeontaek__WizardCoder-Python-13B-LoRa,1,0.1075,0.0,0.3,0.0,0.4075,0.0
open-llm-leaderboard/details_ehartford__WizardLM-1.0-Uncensored-CodeLlama-34b,1,0.0792,0.0,0.4,0.0,0.4792,0.0
open-llm-leaderboard/details_TheBloke__koala-13B-HF,1,0.1679,0.0,0.3,0.0,0.4679,0.0
open-llm-leaderboard/details_jondurbin__airoboros-7b,1,0.1377,0.0,0.3,0.0,0.4377,0.0
open-llm-leaderboard/details_TFLai__Airboros2.1-Platypus2-13B-QLora-0.80-epoch,1,0.1925,0.0,0.4,0.0,0.5925,0.0
open-llm-leaderboard/details_TheBloke__tulu-7B-fp16,1,0.0094,0.0,0.5,0.0,0.4906,0.0
open-llm-leaderboard/details_ehartford__Samantha-1.11-CodeLlama-34b,1,0.1094,0.0,0.4,0.0,0.5094,0.0
open-llm-leaderboard/details_TheBloke__Wizard-Vicuna-7B-Uncensored-HF,1,0.0962,0.0,0.5,0.0,0.4038,0.0
open-llm-leaderboard/details_jondurbin__airoboros-7b-gpt4-1.1,1,0.1302,0.0,0.3,0.0,0.4302,0.0
open-llm-leaderboard/details_digitous__13B-Chimera,1,0.2094,0.0,0.3,0.0,0.5094,0.0
open-llm-leaderboard/details_heegyu__RedTulu-Uncensored-3B-0719,1,0.0245,0.0,0.3,0.0,0.2755,0.0
open-llm-leaderboard/details_lmsys__vicuna-7b-v1.5,1,0.0358,0.0,0.5,0.0,0.5358,0.0
open-llm-leaderboard/details_Undi95__MLewd-L2-13B,1,0.1887,0.0,0.4,0.0,0.5887,0.0
open-llm-leaderboard/details_psmathur__orca_mini_v3_7b,1,0.0075,0.0,0.6,0.0,0.6075,0.0
open-llm-leaderboard/details_jondurbin__airoboros-l2-7b-gpt4-m2.0,1,0.0094,0.0,0.5,0.0,0.5094,0.0
open-llm-leaderboard/details_chargoddard__llama2-22b-blocktriangular,1,0.2774,0.0,0.3,0.0,0.5774,0.0
open-llm-leaderboard/details_Undi95__Nous-Hermes-13B-Code,1,0.1774,0.0,0.4,0.0,0.5774,0.0
open-llm-leaderboard/details_The-Face-Of-Goonery__Huginn-13b-FP16,1,0.1434,0.0,0.4,0.0,0.5434,0.0
open-llm-leaderboard/details_togethercomputer__GPT-JT-6B-v0,1,0.2698,0.0,0.3,0.0,0.5698,0.0
open-llm-leaderboard/details_huggingface__llama-65b,1,0.0604,0.0,0.6,0.0,0.6604,0.0
open-llm-leaderboard/details_OpenAssistant__llama2-70b-oasst-sft-v10,1,0.0132,0.0,0.7,0.0,0.7132,0.0
open-llm-leaderboard/details_heegyu__LIMA2-7b-hf,1,0.0547,0.0,0.5,0.0,0.4453,0.0
open-llm-leaderboard/details_huggingface__llama-30b,1,0.0226,0.0,0.6,0.0,0.5774,0.0
open-llm-leaderboard/details_CHIH-HUNG__llama-2-13b-huangyt_FINETUNE2_3w,1,0.2189,0.0,0.4,0.0,0.6189,0.0
open-llm-leaderboard/details_openlm-research__open_llama_7b,1,0.1075,0.0,0.5,0.0,0.3925,0.0
open-llm-leaderboard/details_bofenghuang__vigogne-7b-instruct,1,0.1264,0.0,0.3,0.0,0.4264,0.0
open-llm-leaderboard/details_davzoku__cria-llama2-7b-v1.3,1,0.0396,0.0,0.5,0.0,0.5396,0.0
open-llm-leaderboard/details_WizardLM__WizardLM-70B-V1.0,1,0.2208,0.0,0.9,0.0,0.6792,0.0
open-llm-leaderboard/details_ehartford__based-30b,1,0.0264,0.0,0.6,0.0,0.5736,0.0
open-llm-leaderboard/details_Aspik101__trurl-2-13b-pl-instruct_unload,1,0.0604,0.0,0.8,0.0,0.8604,0.0
open-llm-leaderboard/details_jarradh__llama2_70b_chat_uncensored,1,0.1755,0.0,0.9,0.0,0.7245,0.0
open-llm-leaderboard/details_mosaicml__mpt-30b-chat,1,0.0491,0.0,0.6,0.0,0.5509,0.0
open-llm-leaderboard/details_Aeala__GPT4-x-Alpasta-13b,1,0.2755,0.0,0.2,0.0,0.4755,0.0
open-llm-leaderboard/details_Aspik101__StableBeluga-13B-instruct-PL-lora_unload,1,0.2,0.0,0.4,0.0,0.6,0.0
open-llm-leaderboard/details_wahaha1987__llama_13b_sharegpt94k_fastchat,1,0.2283,0.0,0.3,0.0,0.5283,0.0
open-llm-leaderboard/details_klosax__open_llama_13b_600bt_preview,1,0.0906,0.0,0.4,0.0,0.3094,0.0
open-llm-leaderboard/details_digitous__Javalion-R,1,0.3396,0.0,0.0,0.0,0.3396,0.0
open-llm-leaderboard/details_augtoma__qCammel-70x,1,0.083,0.0,0.8,0.0,0.717,0.0
open-llm-leaderboard/details_camel-ai__CAMEL-13B-Combined-Data,1,0.0132,0.0,0.5,0.0,0.5132,0.0
open-llm-leaderboard/details_NobodyExistsOnTheInternet__GiftedConvo13bLoraNoEconsE4,1,0.2887,0.0,0.3,0.0,0.5887,0.0
open-llm-leaderboard/details_pe-nlp__llama-2-13b-platypus-vicuna-wizard,1,0.1,0.0,0.5,0.0,0.6,0.0
open-llm-leaderboard/details_WeOpenML__Alpaca-7B-v1,1,0.0377,0.0,0.4,0.0,0.3623,0.0
open-llm-leaderboard/details_mosaicml__mpt-7b,1,0.1132,0.0,0.4,0.0,0.2868,0.0
open-llm-leaderboard/details_elinas__chronos-13b-v2,1,0.2472,0.0,0.3,0.0,0.5472,0.0
open-llm-leaderboard/details_Gryphe__MythoMix-L2-13b,1,0.266,0.0,0.3,0.0,0.566,0.0
open-llm-leaderboard/details_ashercn97__giraffe-7b,1,0.2491,0.0,0.2,0.0,0.4491,0.0
open-llm-leaderboard/details_GOAT-AI__GOAT-7B-Community,1,0.2736,0.0,0.3,0.0,0.5736,0.0
open-llm-leaderboard/details_IGeniusDev__llama13B-quant8-testv1-openorca-customdataset,1,0.1736,0.0,0.4,0.0,0.5736,0.0
open-llm-leaderboard/details_kashif__stack-llama-2,1,0.0358,0.0,0.5,0.0,0.4642,0.0
open-llm-leaderboard/details_codellama__CodeLlama-34b-Python-hf,1,0.1811,0.0,0.2,0.0,0.3811,0.0
open-llm-leaderboard/details_kingbri__chronolima-airo-grad-l2-13B,1,0.2698,0.0,0.3,0.0,0.5698,0.0
open-llm-leaderboard/details_duliadotio__dulia-13b-8k-alpha,1,0.1962,0.0,0.4,0.0,0.5962,0.0
open-llm-leaderboard/details_The-Face-Of-Goonery__Chronos-Beluga-v2-13bfp16,1,0.0849,0.0,0.5,0.0,0.5849,0.0
open-llm-leaderboard/details_openbmb__UltraLM-65b,1,0.0566,0.0,0.6,0.0,0.6566,0.0
open-llm-leaderboard/details_kevinpro__Vicuna-13B-CoT,1,0.0981,0.0,0.4,0.0,0.4981,0.0
open-llm-leaderboard/details_HiTZ__alpaca-lora-65b-en-pt-es-ca,1,0.0679,0.0,0.6,0.0,0.6679,0.0
open-llm-leaderboard/details_FreedomIntelligence__phoenix-inst-chat-7b,1,0.1264,0.0,0.3,0.0,0.4264,0.0
open-llm-leaderboard/details_OpenBuddyEA__openbuddy-llama-30b-v7.1-bf16,1,0.0547,0.0,0.5,0.0,0.5547,0.0
open-llm-leaderboard/details_totally-not-an-llm__EverythingLM-13b-V2-16k,1,0.3019,0.0,0.2,0.0,0.5019,0.0
open-llm-leaderboard/details_shareAI__CodeLLaMA-chat-13b-Chinese,1,0.1509,0.0,0.2,0.0,0.3509,0.0
open-llm-leaderboard/details_rombodawg__LosslessMegaCoder-llama2-7b-mini,1,0.1698,0.0,0.4,0.0,0.5698,0.0
open-llm-leaderboard/details_clibrain__Llama-2-7b-ft-instruct-es,1,0.1132,0.0,0.4,0.0,0.5132,0.0
open-llm-leaderboard/details_fireballoon__baichuan-vicuna-chinese-7b,1,0.2528,0.0,0.2,0.0,0.4528,0.0
open-llm-leaderboard/details_Sao10K__Mythical-Destroyer-V2-L2-13B,1,0.0962,0.0,0.5,0.0,0.5962,0.0
open-llm-leaderboard/details_Sao10K__Stheno-L2-13B,1,0.4075,0.0,0.2,0.0,0.6075,0.0
open-llm-leaderboard/details_lmsys__vicuna-13b-v1.5-16k,1,0.1925,0.0,0.4,0.0,0.5925,0.0
open-llm-leaderboard/details_Open-Orca__OpenOrca-Preview1-13B,1,0.1094,0.0,0.4,0.0,0.5094,0.0
open-llm-leaderboard/details_TheBloke__OpenOrca-Platypus2-13B-GPTQ,1,0.0415,0.0,0.6,0.0,0.6415,0.0
open-llm-leaderboard/details_Neko-Institute-of-Science__metharme-7b,1,0.0038,0.0,0.4,0.0,0.3962,0.0
open-llm-leaderboard/details_bongchoi__test-llama2-7b,1,0.0358,0.0,0.5,0.0,0.4642,0.0
open-llm-leaderboard/details_YeungNLP__firefly-llama2-13b-v1.2,1,0.2189,0.0,0.4,0.0,0.6189,0.0
