model_name,n_seeds,simple_random_error_mean,simple_random_error_std,simple_random_prediction_mean,simple_random_prediction_std,simple_random_true_performance_mean,simple_random_true_performance_std,dataset
open-llm-leaderboard/details_rombodawg__Leaderboard-killer-MoE_4x7b,1,0.0763,0.0,0.83,0.0,0.7537,0.0,Winogrande
open-llm-leaderboard/details_maywell__PiVoT-SUS-RP,1,0.0465,0.0,0.88,0.0,0.8335,0.0,Winogrande
open-llm-leaderboard/details_macadeliccc__polyglot-math-4x7b,1,0.0255,0.0,0.81,0.0,0.7845,0.0,Winogrande
open-llm-leaderboard/details_Locutusque__Rhino-Mistral-7B,1,0.0011,0.0,0.71,0.0,0.7111,0.0,Winogrande
open-llm-leaderboard/details_Weyaxi__Bagel-Hermes-2x34b,1,0.0623,0.0,0.91,0.0,0.8477,0.0,Winogrande
open-llm-leaderboard/details_macadeliccc__laser-dolphin-mixtral-2x7b-dpo,1,0.0299,0.0,0.82,0.0,0.7901,0.0,Winogrande
open-llm-leaderboard/details_Weyaxi__Bagel-Hermes-34B-Slerp,1,0.0463,0.0,0.89,0.0,0.8437,0.0,Winogrande
open-llm-leaderboard/details_Weyaxi__Helion-4x34B,1,0.0463,0.0,0.89,0.0,0.8437,0.0,Winogrande
open-llm-leaderboard/details_chanwit__flux-7b-v0.1,1,0.0399,0.0,0.83,0.0,0.7901,0.0,Winogrande
open-llm-leaderboard/details_hywu__Camelidae-8x13B,1,0.0465,0.0,0.82,0.0,0.7735,0.0,Winogrande
open-llm-leaderboard/details_RatanRohith__MistralBeagle-RS-7B-V0.1,1,0.0531,0.0,0.87,0.0,0.8169,0.0,Winogrande
open-llm-leaderboard/details_jilp00__Hermes-2-SOLAR-10.7B-Symbolic,1,0.0226,0.0,0.83,0.0,0.8074,0.0,Winogrande
open-llm-leaderboard/details_Neuronovo__neuronovo-7B-v0.1,1,0.0786,0.0,0.86,0.0,0.7814,0.0,Winogrande
open-llm-leaderboard/details_rombodawg__Open_Gpt4_8x7B,1,0.0023,0.0,0.82,0.0,0.8177,0.0,Winogrande
open-llm-leaderboard/details_ewqr2130__mistral-se-inst-ppo,1,0.0486,0.0,0.83,0.0,0.7814,0.0,Winogrande
open-llm-leaderboard/details_TomGrc__FusionNet_passthrough,1,0.0271,0.0,0.84,0.0,0.8129,0.0,Winogrande
open-llm-leaderboard/details_chargoddard__mixtralmerge-8x7B-rebalanced-test,1,0.0029,0.0,0.81,0.0,0.8129,0.0,Winogrande
open-llm-leaderboard/details_TIGER-Lab__TIGERScore-13B,1,0.0026,0.0,0.75,0.0,0.7474,0.0,Winogrande
open-llm-leaderboard/details_qblocks__codellama_7b_DolphinCoder,1,0.0361,0.0,0.6,0.0,0.6361,0.0,Winogrande
open-llm-leaderboard/details_OpenBuddy__openbuddy-falcon-40b-v16.1-4k,1,0.0418,0.0,0.82,0.0,0.7782,0.0,Winogrande
open-llm-leaderboard/details_Weyaxi__Nous-Hermes-2-SUS-Chat-2x34B,1,0.0426,0.0,0.88,0.0,0.8374,0.0,Winogrande
open-llm-leaderboard/details_TomGrc__FusionNet_passthrough_v0.1,1,0.0147,0.0,0.83,0.0,0.8153,0.0,Winogrande
open-llm-leaderboard/details_KnutJaegersberg__Qwen-1_8B-Llamafied,1,0.0072,0.0,0.61,0.0,0.6172,0.0,Winogrande
open-llm-leaderboard/details_cognitivecomputations__dolphin-2.2-yi-34b-200k,1,0.0175,0.0,0.66,0.0,0.6425,0.0,Winogrande
open-llm-leaderboard/details_sr5434__CodegebraGPT-10b,1,0.0402,0.0,0.85,0.0,0.8098,0.0,Winogrande
open-llm-leaderboard/details_Azazelle__xDAN-SlimOrca,1,0.0534,0.0,0.83,0.0,0.7766,0.0,Winogrande
open-llm-leaderboard/details_spmurrayzzz__Mistral-Syndicate-7B,1,0.0855,0.0,0.87,0.0,0.7845,0.0,Winogrande
open-llm-leaderboard/details_Undi95__Mistral-11B-v0.1,1,0.0336,0.0,0.8,0.0,0.7664,0.0,Winogrande
open-llm-leaderboard/details_liuda1__dm7b_sft_gpt88w_merge,1,0.0058,0.0,0.77,0.0,0.7758,0.0,Winogrande
open-llm-leaderboard/details_SanjiWatsuki__Loyal-Macaroni-Maid-7B,1,0.0413,0.0,0.84,0.0,0.7987,0.0,Winogrande
open-llm-leaderboard/details_SanjiWatsuki__neural-chat-7b-v3-3-wizardmath-dare-me,1,0.0633,0.0,0.78,0.0,0.7167,0.0,Winogrande
open-llm-leaderboard/details_openthaigpt__openthaigpt-1.0.0-beta-13b-chat-hf,1,0.0112,0.0,0.75,0.0,0.7388,0.0,Winogrande
open-llm-leaderboard/details_Weyaxi__OpenHermes-2.5-neural-chat-v3-3-openchat-3.5-1210-Slerp,1,0.0128,0.0,0.81,0.0,0.7972,0.0,Winogrande
open-llm-leaderboard/details_zyh3826__GML-Mistral-merged-v1,1,0.0402,0.0,0.85,0.0,0.8098,0.0,Winogrande
open-llm-leaderboard/details_crumb__apricot-wildflower-20,1,0.011,0.0,0.79,0.0,0.779,0.0,Winogrande
open-llm-leaderboard/details_Brillibits__Instruct_Mixtral-8x7B-v0.1_Dolly15K,1,0.0044,0.0,0.83,0.0,0.8256,0.0,Winogrande
open-llm-leaderboard/details_luffycodes__vicuna-class-shishya-ac-hal-13b-ep3,1,0.0452,0.0,0.78,0.0,0.7348,0.0,Winogrande
open-llm-leaderboard/details_APMIC__caigun-lora-model-34B-v3,1,0.0642,0.0,0.9,0.0,0.8358,0.0,Winogrande
open-llm-leaderboard/details_xDAN-AI__xDAN-L1Mix-DeepThinking-v2,1,0.096,0.0,0.86,0.0,0.764,0.0,Winogrande
open-llm-leaderboard/details_rishiraj__CatPPT-base,1,0.0671,0.0,0.88,0.0,0.8129,0.0,Winogrande
open-llm-leaderboard/details_Mihaiii__Metis-0.3,1,0.0273,0.0,0.8,0.0,0.7727,0.0,Winogrande
open-llm-leaderboard/details_martyn__llama2-megamerge-dare-13b-v2,1,0.0347,0.0,0.79,0.0,0.7553,0.0,Winogrande
open-llm-leaderboard/details_Mihaiii__Metis-0.1,1,0.0473,0.0,0.82,0.0,0.7727,0.0,Winogrande
open-llm-leaderboard/details_perlthoughts__Starling-LM-alpha-8x7B-MoE,1,0.0342,0.0,0.84,0.0,0.8058,0.0,Winogrande
open-llm-leaderboard/details_microsoft__phi-2,1,0.0535,0.0,0.69,0.0,0.7435,0.0,Winogrande
open-llm-leaderboard/details_jondurbin__bagel-7b-v0.1,1,0.0342,0.0,0.84,0.0,0.8058,0.0,Winogrande
open-llm-leaderboard/details_mistralai__Mixtral-8x7B-v0.1,1,0.0331,0.0,0.85,0.0,0.8169,0.0,Winogrande
open-llm-leaderboard/details_chargoddard__servile-harpsichord-cdpo,1,0.0384,0.0,0.83,0.0,0.7916,0.0,Winogrande
open-llm-leaderboard/details_PulsarAI__OpenHermes-2.5-neural-chat-v3-3-Slerp,1,0.0884,0.0,0.88,0.0,0.7916,0.0,Winogrande
open-llm-leaderboard/details_Intel__neural-chat-7b-v3-3-Slerp,1,0.0728,0.0,0.87,0.0,0.7972,0.0,Winogrande
open-llm-leaderboard/details_kyujinpy__PlatYi-34B-200k-Q-FastChat,1,0.0426,0.0,0.85,0.0,0.8074,0.0,Winogrande
open-llm-leaderboard/details_jondurbin__spicyboros-70b-2.2,1,0.0318,0.0,0.87,0.0,0.8382,0.0,Winogrande
open-llm-leaderboard/details_openaccess-ai-collective__DPOpenHermes-7B,1,0.0678,0.0,0.85,0.0,0.7822,0.0,Winogrande
open-llm-leaderboard/details_WebraftAI__synapsellm-7b-mistral-v0.3-preview,1,0.0141,0.0,0.76,0.0,0.7459,0.0,Winogrande
open-llm-leaderboard/details_maywell__Synatra-RP-Orca-2-7b-v0.1,1,0.0057,0.0,0.75,0.0,0.7443,0.0,Winogrande
open-llm-leaderboard/details_perlthoughts__Chupacabra-7B-v2,1,0.0486,0.0,0.83,0.0,0.7814,0.0,Winogrande
open-llm-leaderboard/details_speechlessai__speechless-mistral-7b-dare-0.85,1,0.0568,0.0,0.85,0.0,0.7932,0.0,Winogrande
open-llm-leaderboard/details_jondurbin__airoboros-m-7b-3.1.2,1,0.0542,0.0,0.83,0.0,0.7758,0.0,Winogrande
open-llm-leaderboard/details_ajibawa-2023__Uncensored-Frank-33B,1,0.0056,0.0,0.76,0.0,0.7656,0.0,Winogrande
open-llm-leaderboard/details_Sao10K__Stheno-1.8-L2-13B,1,0.004,0.0,0.76,0.0,0.764,0.0,Winogrande
open-llm-leaderboard/details_SkunkworksAI__Mistralic-7B-1,1,0.0097,0.0,0.78,0.0,0.7703,0.0,Winogrande
open-llm-leaderboard/details_Undi95__ReMM-v2.1-L2-13B,1,0.0007,0.0,0.76,0.0,0.7593,0.0,Winogrande
open-llm-leaderboard/details_YeungNLP__firefly-llama2-13b-pretrain,1,0.0447,0.0,0.8,0.0,0.7553,0.0,Winogrande
open-llm-leaderboard/details_CHIH-HUNG__llama-2-13b-FINETUNE5_4w-r4-q_k_v_o,1,0.0236,0.0,0.79,0.0,0.7664,0.0,Winogrande
open-llm-leaderboard/details_KnutJaegersberg__deacon-13b,1,0.0168,0.0,0.78,0.0,0.7632,0.0,Winogrande
open-llm-leaderboard/details_llm-agents__tora-7b-v1.0,1,0.0156,0.0,0.72,0.0,0.7356,0.0,Winogrande
open-llm-leaderboard/details_zarakiquemparte__kuchiki-l2-7b,1,0.0191,0.0,0.75,0.0,0.7309,0.0,Winogrande
open-llm-leaderboard/details_BELLE-2__BELLE-Llama2-13B-chat-0.4M,1,0.0447,0.0,0.8,0.0,0.7553,0.0,Winogrande
open-llm-leaderboard/details_DevaMalla__llama_7b_lora,1,0.0277,0.0,0.7,0.0,0.7277,0.0,Winogrande
open-llm-leaderboard/details_Sao10K__Zephyrus-L1-33B,1,0.0019,0.0,0.8,0.0,0.8019,0.0,Winogrande
open-llm-leaderboard/details_camel-ai__CAMEL-13B-Role-Playing-Data,1,0.0003,0.0,0.74,0.0,0.7403,0.0,Winogrande
open-llm-leaderboard/details_lu-vae__llama2-13B-sharegpt4-orca-openplatypus-8w,1,0.0186,0.0,0.77,0.0,0.7514,0.0,Winogrande
open-llm-leaderboard/details_akjindal53244__Mistral-7B-v0.1-Open-Platypus,1,0.0434,0.0,0.82,0.0,0.7766,0.0,Winogrande
open-llm-leaderboard/details_YeungNLP__firefly-llama2-7b-pretrain,1,0.0176,0.0,0.72,0.0,0.7024,0.0,Winogrande
open-llm-leaderboard/details_TheBloke__Wizard-Vicuna-13B-Uncensored-HF,1,0.0169,0.0,0.74,0.0,0.7569,0.0,Winogrande
open-llm-leaderboard/details_TheBloke__airoboros-13B-HF,1,0.0124,0.0,0.75,0.0,0.7624,0.0,Winogrande
open-llm-leaderboard/details_NewstaR__Koss-7B-chat,1,0.0174,0.0,0.7,0.0,0.7174,0.0,Winogrande
open-llm-leaderboard/details_TigerResearch__tigerbot-13b-base,1,0.0298,0.0,0.72,0.0,0.7498,0.0,Winogrande
open-llm-leaderboard/details_Undi95__ReMM-v2.2-L2-13B,1,0.0161,0.0,0.74,0.0,0.7561,0.0,Winogrande
open-llm-leaderboard/details_TheBloke__robin-65b-v2-fp16,1,0.0249,0.0,0.83,0.0,0.8051,0.0,Winogrande
open-llm-leaderboard/details_jondurbin__airoboros-l2-70b-gpt4-m2.0,1,0.0042,0.0,0.84,0.0,0.8358,0.0,Winogrande
open-llm-leaderboard/details_PulsarAI__EnsembleV5-Nova-13B,1,0.0176,0.0,0.78,0.0,0.7624,0.0,Winogrande
open-llm-leaderboard/details_Undi95__MLewd-ReMM-L2-Chat-20B,1,0.0381,0.0,0.81,0.0,0.7719,0.0,Winogrande
open-llm-leaderboard/details_TheBloke__koala-13B-HF,1,0.0097,0.0,0.75,0.0,0.7403,0.0,Winogrande
open-llm-leaderboard/details_ehartford__Samantha-1.11-CodeLlama-34b,1,0.0352,0.0,0.77,0.0,0.7348,0.0,Winogrande
open-llm-leaderboard/details_jondurbin__airoboros-7b-gpt4-1.1,1,0.0409,0.0,0.69,0.0,0.7309,0.0,Winogrande
open-llm-leaderboard/details_NousResearch__CodeLlama-34b-hf,1,0.036,0.0,0.77,0.0,0.734,0.0,Winogrande
open-llm-leaderboard/details_Undi95__Nous-Hermes-13B-Code,1,0.0486,0.0,0.8,0.0,0.7514,0.0,Winogrande
open-llm-leaderboard/details_openlm-research__open_llama_7b,1,0.0204,0.0,0.7,0.0,0.6796,0.0,Winogrande
open-llm-leaderboard/details_stabilityai__StableBeluga-13B,1,0.0513,0.0,0.82,0.0,0.7687,0.0,Winogrande
open-llm-leaderboard/details_The-Face-Of-Goonery__huginnv1.2,1,0.0078,0.0,0.76,0.0,0.7522,0.0,Winogrande
open-llm-leaderboard/details_Aspik101__trurl-2-13b-pl-instruct_unload,1,0.0265,0.0,0.77,0.0,0.7435,0.0,Winogrande
open-llm-leaderboard/details_augtoma__qCammel-70x,1,0.0071,0.0,0.85,0.0,0.8429,0.0,Winogrande
open-llm-leaderboard/details_duliadotio__dulia-13b-8k-alpha,1,0.0481,0.0,0.82,0.0,0.7719,0.0,Winogrande
open-llm-leaderboard/details_lilloukas__Platypus-30B,1,0.0563,0.0,0.87,0.0,0.8137,0.0,Winogrande
open-llm-leaderboard/details_Sao10K__Stheno-L2-13B,1,0.0286,0.0,0.78,0.0,0.7514,0.0,Winogrande
open-llm-leaderboard/details_openaccess-ai-collective__manticore-13b,1,0.0336,0.0,0.8,0.0,0.7664,0.0,Winogrande
open-llm-leaderboard/details_Open-Orca__OpenOrca-Preview1-13B,1,0.0597,0.0,0.77,0.0,0.7103,0.0,Winogrande
open-llm-leaderboard/details_rombodawg__Leaderboard-killer-MoE_4x7b,1,0.0197,0.0,0.8,0.0,0.8197,0.0,HellaSwag
open-llm-leaderboard/details_maywell__PiVoT-SUS-RP,1,0.0123,0.0,0.83,0.0,0.8423,0.0,HellaSwag
open-llm-leaderboard/details_macadeliccc__polyglot-math-4x7b,1,0.0115,0.0,0.86,0.0,0.8485,0.0,HellaSwag
open-llm-leaderboard/details_Locutusque__Rhino-Mistral-7B,1,0.0642,0.0,0.65,0.0,0.7142,0.0,HellaSwag
open-llm-leaderboard/details_Weyaxi__Bagel-Hermes-2x34b,1,0.0026,0.0,0.85,0.0,0.8526,0.0,HellaSwag
open-llm-leaderboard/details_macadeliccc__laser-dolphin-mixtral-2x7b-dpo,1,0.002,0.0,0.86,0.0,0.858,0.0,HellaSwag
open-llm-leaderboard/details_Weyaxi__Bagel-Hermes-34B-Slerp,1,0.0332,0.0,0.89,0.0,0.8568,0.0,HellaSwag
open-llm-leaderboard/details_Weyaxi__Helion-4x34B,1,0.0172,0.0,0.87,0.0,0.8528,0.0,HellaSwag
open-llm-leaderboard/details_chanwit__flux-7b-v0.1,1,0.0118,0.0,0.85,0.0,0.8618,0.0,HellaSwag
open-llm-leaderboard/details_hywu__Camelidae-8x13B,1,0.0173,0.0,0.81,0.0,0.8273,0.0,HellaSwag
open-llm-leaderboard/details_RatanRohith__MistralBeagle-RS-7B-V0.1,1,0.0138,0.0,0.86,0.0,0.8462,0.0,HellaSwag
open-llm-leaderboard/details_jilp00__Hermes-2-SOLAR-10.7B-Symbolic,1,0.0957,0.0,0.73,0.0,0.8257,0.0,HellaSwag
open-llm-leaderboard/details_Neuronovo__neuronovo-7B-v0.1,1,0.0007,0.0,0.85,0.0,0.8507,0.0,HellaSwag
open-llm-leaderboard/details_rombodawg__Open_Gpt4_8x7B,1,0.0423,0.0,0.91,0.0,0.8677,0.0,HellaSwag
open-llm-leaderboard/details_ewqr2130__mistral-se-inst-ppo,1,0.0051,0.0,0.8,0.0,0.7949,0.0,HellaSwag
open-llm-leaderboard/details_TomGrc__FusionNet_passthrough,1,0.0372,0.0,0.84,0.0,0.8772,0.0,HellaSwag
open-llm-leaderboard/details_chargoddard__mixtralmerge-8x7B-rebalanced-test,1,0.0524,0.0,0.91,0.0,0.8576,0.0,HellaSwag
open-llm-leaderboard/details_TIGER-Lab__TIGERScore-13B,1,0.0179,0.0,0.81,0.0,0.8279,0.0,HellaSwag
open-llm-leaderboard/details_qblocks__codellama_7b_DolphinCoder,1,0.115,0.0,0.54,0.0,0.655,0.0,HellaSwag
open-llm-leaderboard/details_OpenBuddy__openbuddy-falcon-40b-v16.1-4k,1,0.0086,0.0,0.83,0.0,0.8386,0.0,HellaSwag
open-llm-leaderboard/details_Weyaxi__Nous-Hermes-2-SUS-Chat-2x34B,1,0.0022,0.0,0.85,0.0,0.8522,0.0,HellaSwag
open-llm-leaderboard/details_TomGrc__FusionNet_passthrough_v0.1,1,0.0379,0.0,0.84,0.0,0.8779,0.0,HellaSwag
open-llm-leaderboard/details_KnutJaegersberg__Qwen-1_8B-Llamafied,1,0.0887,0.0,0.5,0.0,0.5887,0.0,HellaSwag
open-llm-leaderboard/details_cognitivecomputations__dolphin-2.2-yi-34b-200k,1,0.0313,0.0,0.65,0.0,0.6813,0.0,HellaSwag
open-llm-leaderboard/details_sr5434__CodegebraGPT-10b,1,0.0042,0.0,0.83,0.0,0.8342,0.0,HellaSwag
open-llm-leaderboard/details_Azazelle__xDAN-SlimOrca,1,0.007,0.0,0.85,0.0,0.857,0.0,HellaSwag
open-llm-leaderboard/details_spmurrayzzz__Mistral-Syndicate-7B,1,0.0112,0.0,0.84,0.0,0.8288,0.0,HellaSwag
open-llm-leaderboard/details_Undi95__Mistral-11B-v0.1,1,0.0083,0.0,0.82,0.0,0.8117,0.0,HellaSwag
open-llm-leaderboard/details_liuda1__dm7b_sft_gpt88w_merge,1,0.0047,0.0,0.82,0.0,0.8247,0.0,HellaSwag
open-llm-leaderboard/details_SanjiWatsuki__Loyal-Macaroni-Maid-7B,1,0.0039,0.0,0.86,0.0,0.8639,0.0,HellaSwag
open-llm-leaderboard/details_SanjiWatsuki__neural-chat-7b-v3-3-wizardmath-dare-me,1,0.0237,0.0,0.85,0.0,0.8263,0.0,HellaSwag
open-llm-leaderboard/details_openthaigpt__openthaigpt-1.0.0-beta-13b-chat-hf,1,0.0009,0.0,0.79,0.0,0.7909,0.0,HellaSwag
open-llm-leaderboard/details_Weyaxi__OpenHermes-2.5-neural-chat-v3-3-openchat-3.5-1210-Slerp,1,0.0032,0.0,0.86,0.0,0.8632,0.0,HellaSwag
open-llm-leaderboard/details_zyh3826__GML-Mistral-merged-v1,1,0.0188,0.0,0.86,0.0,0.8788,0.0,HellaSwag
open-llm-leaderboard/details_crumb__apricot-wildflower-20,1,0.0176,0.0,0.8,0.0,0.8176,0.0,HellaSwag
open-llm-leaderboard/details_Brillibits__Instruct_Mixtral-8x7B-v0.1_Dolly15K,1,0.0241,0.0,0.9,0.0,0.8759,0.0,HellaSwag
open-llm-leaderboard/details_luffycodes__vicuna-class-shishya-ac-hal-13b-ep3,1,0.0478,0.0,0.76,0.0,0.8078,0.0,HellaSwag
open-llm-leaderboard/details_APMIC__caigun-lora-model-34B-v3,1,0.0077,0.0,0.84,0.0,0.8477,0.0,HellaSwag
open-llm-leaderboard/details_xDAN-AI__xDAN-L1Mix-DeepThinking-v2,1,0.0168,0.0,0.84,0.0,0.8232,0.0,HellaSwag
open-llm-leaderboard/details_rishiraj__CatPPT-base,1,0.0164,0.0,0.85,0.0,0.8664,0.0,HellaSwag
open-llm-leaderboard/details_Mihaiii__Metis-0.3,1,0.012,0.0,0.86,0.0,0.848,0.0,HellaSwag
open-llm-leaderboard/details_martyn__llama2-megamerge-dare-13b-v2,1,0.0293,0.0,0.78,0.0,0.8093,0.0,HellaSwag
open-llm-leaderboard/details_Mihaiii__Metis-0.1,1,0.0115,0.0,0.84,0.0,0.8285,0.0,HellaSwag
open-llm-leaderboard/details_perlthoughts__Starling-LM-alpha-8x7B-MoE,1,0.009,0.0,0.84,0.0,0.849,0.0,HellaSwag
open-llm-leaderboard/details_microsoft__phi-2,1,0.0911,0.0,0.66,0.0,0.7511,0.0,HellaSwag
open-llm-leaderboard/details_jondurbin__bagel-7b-v0.1,1,0.0086,0.0,0.84,0.0,0.8314,0.0,HellaSwag
open-llm-leaderboard/details_mistralai__Mixtral-8x7B-v0.1,1,0.0354,0.0,0.9,0.0,0.8646,0.0,HellaSwag
open-llm-leaderboard/details_chargoddard__servile-harpsichord-cdpo,1,0.0082,0.0,0.86,0.0,0.8518,0.0,HellaSwag
open-llm-leaderboard/details_PulsarAI__OpenHermes-2.5-neural-chat-v3-3-Slerp,1,0.002,0.0,0.86,0.0,0.862,0.0,HellaSwag
open-llm-leaderboard/details_Intel__neural-chat-7b-v3-3-Slerp,1,0.0043,0.0,0.85,0.0,0.8543,0.0,HellaSwag
open-llm-leaderboard/details_kyujinpy__PlatYi-34B-200k-Q-FastChat,1,0.0046,0.0,0.84,0.0,0.8446,0.0,HellaSwag
open-llm-leaderboard/details_jondurbin__spicyboros-70b-2.2,1,0.0058,0.0,0.87,0.0,0.8758,0.0,HellaSwag
open-llm-leaderboard/details_openaccess-ai-collective__DPOpenHermes-7B,1,0.009,0.0,0.85,0.0,0.859,0.0,HellaSwag
open-llm-leaderboard/details_WebraftAI__synapsellm-7b-mistral-v0.3-preview,1,0.0486,0.0,0.7,0.0,0.7486,0.0,HellaSwag
open-llm-leaderboard/details_maywell__Synatra-RP-Orca-2-7b-v0.1,1,0.0231,0.0,0.75,0.0,0.7731,0.0,HellaSwag
open-llm-leaderboard/details_perlthoughts__Chupacabra-7B-v2,1,0.0061,0.0,0.84,0.0,0.8339,0.0,HellaSwag
open-llm-leaderboard/details_speechlessai__speechless-mistral-7b-dare-0.85,1,0.0007,0.0,0.85,0.0,0.8493,0.0,HellaSwag
open-llm-leaderboard/details_jondurbin__airoboros-m-7b-3.1.2,1,0.0149,0.0,0.85,0.0,0.8351,0.0,HellaSwag
open-llm-leaderboard/details_ajibawa-2023__Uncensored-Frank-33B,1,0.083,0.0,0.75,0.0,0.833,0.0,HellaSwag
open-llm-leaderboard/details_Sao10K__Stheno-1.8-L2-13B,1,0.0112,0.0,0.83,0.0,0.8412,0.0,HellaSwag
open-llm-leaderboard/details_SkunkworksAI__Mistralic-7B-1,1,0.0129,0.0,0.81,0.0,0.8229,0.0,HellaSwag
open-llm-leaderboard/details_Undi95__ReMM-v2.1-L2-13B,1,0.0092,0.0,0.83,0.0,0.8392,0.0,HellaSwag
open-llm-leaderboard/details_YeungNLP__firefly-llama2-13b-pretrain,1,0.009,0.0,0.8,0.0,0.791,0.0,HellaSwag
open-llm-leaderboard/details_CHIH-HUNG__llama-2-13b-FINETUNE5_4w-r4-q_k_v_o,1,0.021,0.0,0.79,0.0,0.811,0.0,HellaSwag
open-llm-leaderboard/details_KnutJaegersberg__deacon-13b,1,0.0263,0.0,0.8,0.0,0.8263,0.0,HellaSwag
open-llm-leaderboard/details_llm-agents__tora-7b-v1.0,1,0.0168,0.0,0.77,0.0,0.7868,0.0,HellaSwag
open-llm-leaderboard/details_zarakiquemparte__kuchiki-l2-7b,1,0.0444,0.0,0.74,0.0,0.7844,0.0,HellaSwag
open-llm-leaderboard/details_BELLE-2__BELLE-Llama2-13B-chat-0.4M,1,0.0231,0.0,0.8,0.0,0.8231,0.0,HellaSwag
open-llm-leaderboard/details_DevaMalla__llama_7b_lora,1,0.041,0.0,0.75,0.0,0.791,0.0,HellaSwag
open-llm-leaderboard/details_Sao10K__Zephyrus-L1-33B,1,0.0415,0.0,0.8,0.0,0.8415,0.0,HellaSwag
open-llm-leaderboard/details_camel-ai__CAMEL-13B-Role-Playing-Data,1,0.0025,0.0,0.79,0.0,0.7925,0.0,HellaSwag
open-llm-leaderboard/details_lu-vae__llama2-13B-sharegpt4-orca-openplatypus-8w,1,0.0004,0.0,0.84,0.0,0.8404,0.0,HellaSwag
open-llm-leaderboard/details_akjindal53244__Mistral-7B-v0.1-Open-Platypus,1,0.0008,0.0,0.85,0.0,0.8508,0.0,HellaSwag
open-llm-leaderboard/details_YeungNLP__firefly-llama2-7b-pretrain,1,0.0183,0.0,0.73,0.0,0.7483,0.0,HellaSwag
open-llm-leaderboard/details_TheBloke__Wizard-Vicuna-13B-Uncensored-HF,1,0.0005,0.0,0.82,0.0,0.8195,0.0,HellaSwag
open-llm-leaderboard/details_TheBloke__airoboros-13B-HF,1,0.0105,0.0,0.8,0.0,0.8105,0.0,HellaSwag
open-llm-leaderboard/details_NewstaR__Koss-7B-chat,1,0.0579,0.0,0.73,0.0,0.7879,0.0,HellaSwag
open-llm-leaderboard/details_TigerResearch__tigerbot-13b-base,1,0.0305,0.0,0.74,0.0,0.7705,0.0,HellaSwag
open-llm-leaderboard/details_Undi95__ReMM-v2.2-L2-13B,1,0.0016,0.0,0.84,0.0,0.8416,0.0,HellaSwag
open-llm-leaderboard/details_TheBloke__robin-65b-v2-fp16,1,0.006,0.0,0.84,0.0,0.846,0.0,HellaSwag
open-llm-leaderboard/details_jondurbin__airoboros-l2-70b-gpt4-m2.0,1,0.0279,0.0,0.85,0.0,0.8779,0.0,HellaSwag
open-llm-leaderboard/details_PulsarAI__EnsembleV5-Nova-13B,1,0.0155,0.0,0.81,0.0,0.8255,0.0,HellaSwag
open-llm-leaderboard/details_Undi95__MLewd-ReMM-L2-Chat-20B,1,0.0038,0.0,0.86,0.0,0.8562,0.0,HellaSwag
open-llm-leaderboard/details_TheBloke__koala-13B-HF,1,0.0159,0.0,0.76,0.0,0.7759,0.0,HellaSwag
open-llm-leaderboard/details_ehartford__Samantha-1.11-CodeLlama-34b,1,0.0247,0.0,0.73,0.0,0.7547,0.0,HellaSwag
open-llm-leaderboard/details_jondurbin__airoboros-7b-gpt4-1.1,1,0.0515,0.0,0.75,0.0,0.8015,0.0,HellaSwag
open-llm-leaderboard/details_NousResearch__CodeLlama-34b-hf,1,0.0784,0.0,0.24,0.0,0.3184,0.0,HellaSwag
open-llm-leaderboard/details_Undi95__Nous-Hermes-13B-Code,1,0.0321,0.0,0.8,0.0,0.8321,0.0,HellaSwag
open-llm-leaderboard/details_openlm-research__open_llama_7b,1,0.0883,0.0,0.59,0.0,0.6783,0.0,HellaSwag
open-llm-leaderboard/details_stabilityai__StableBeluga-13B,1,0.0027,0.0,0.82,0.0,0.8227,0.0,HellaSwag
open-llm-leaderboard/details_The-Face-Of-Goonery__huginnv1.2,1,0.0028,0.0,0.84,0.0,0.8428,0.0,HellaSwag
open-llm-leaderboard/details_Aspik101__trurl-2-13b-pl-instruct_unload,1,0.0199,0.0,0.78,0.0,0.7999,0.0,HellaSwag
open-llm-leaderboard/details_augtoma__qCammel-70x,1,0.0187,0.0,0.86,0.0,0.8787,0.0,HellaSwag
open-llm-leaderboard/details_duliadotio__dulia-13b-8k-alpha,1,0.04,0.0,0.78,0.0,0.82,0.0,HellaSwag
open-llm-leaderboard/details_lilloukas__Platypus-30B,1,0.0224,0.0,0.82,0.0,0.8424,0.0,HellaSwag
open-llm-leaderboard/details_Sao10K__Stheno-L2-13B,1,0.0295,0.0,0.81,0.0,0.8395,0.0,HellaSwag
open-llm-leaderboard/details_openaccess-ai-collective__manticore-13b,1,0.0137,0.0,0.83,0.0,0.8163,0.0,HellaSwag
open-llm-leaderboard/details_Open-Orca__OpenOrca-Preview1-13B,1,0.0419,0.0,0.74,0.0,0.7819,0.0,HellaSwag
open-llm-leaderboard/details_rombodawg__Leaderboard-killer-MoE_4x7b,1,0.0417,0.0,0.58,0.0,0.6217,0.0,GSM8K
open-llm-leaderboard/details_maywell__PiVoT-SUS-RP,1,0.0549,0.0,0.76,0.0,0.7051,0.0,GSM8K
open-llm-leaderboard/details_macadeliccc__polyglot-math-4x7b,1,0.0437,0.0,0.61,0.0,0.5663,0.0,GSM8K
open-llm-leaderboard/details_Locutusque__Rhino-Mistral-7B,1,0.0186,0.0,0.24,0.0,0.2214,0.0,GSM8K
open-llm-leaderboard/details_Weyaxi__Bagel-Hermes-2x34b,1,0.0531,0.0,0.74,0.0,0.6869,0.0,GSM8K
open-llm-leaderboard/details_macadeliccc__laser-dolphin-mixtral-2x7b-dpo,1,0.0571,0.0,0.54,0.0,0.4829,0.0,GSM8K
open-llm-leaderboard/details_Weyaxi__Bagel-Hermes-34B-Slerp,1,0.0474,0.0,0.71,0.0,0.6626,0.0,GSM8K
open-llm-leaderboard/details_Weyaxi__Helion-4x34B,1,0.0875,0.0,0.81,0.0,0.7225,0.0,GSM8K
open-llm-leaderboard/details_chanwit__flux-7b-v0.1,1,0.106,0.0,0.83,0.0,0.724,0.0,GSM8K
open-llm-leaderboard/details_hywu__Camelidae-8x13B,1,0.0143,0.0,0.36,0.0,0.3457,0.0,GSM8K
open-llm-leaderboard/details_RatanRohith__MistralBeagle-RS-7B-V0.1,1,0.0309,0.0,0.41,0.0,0.3791,0.0,GSM8K
open-llm-leaderboard/details_jilp00__Hermes-2-SOLAR-10.7B-Symbolic,1,0.0405,0.0,0.18,0.0,0.1395,0.0,GSM8K
open-llm-leaderboard/details_Neuronovo__neuronovo-7B-v0.1,1,0.0432,0.0,0.42,0.0,0.3768,0.0,GSM8K
open-llm-leaderboard/details_rombodawg__Open_Gpt4_8x7B,1,0.0979,0.0,0.69,0.0,0.5921,0.0,GSM8K
open-llm-leaderboard/details_ewqr2130__mistral-se-inst-ppo,1,0.0139,0.0,0.07,0.0,0.0561,0.0,GSM8K
open-llm-leaderboard/details_TomGrc__FusionNet_passthrough,1,0.0326,0.0,0.21,0.0,0.2426,0.0,GSM8K
open-llm-leaderboard/details_chargoddard__mixtralmerge-8x7B-rebalanced-test,1,0.0323,0.0,0.55,0.0,0.5823,0.0,GSM8K
open-llm-leaderboard/details_TIGER-Lab__TIGERScore-13B,1,0.0073,0.0,0.28,0.0,0.2873,0.0,GSM8K
open-llm-leaderboard/details_qblocks__codellama_7b_DolphinCoder,1,0.023,0.0,0.12,0.0,0.097,0.0,GSM8K
open-llm-leaderboard/details_OpenBuddy__openbuddy-falcon-40b-v16.1-4k,1,0.0577,0.0,0.31,0.0,0.3677,0.0,GSM8K
open-llm-leaderboard/details_Weyaxi__Nous-Hermes-2-SUS-Chat-2x34B,1,0.0691,0.0,0.8,0.0,0.7309,0.0,GSM8K
open-llm-leaderboard/details_TomGrc__FusionNet_passthrough_v0.1,1,0.0482,0.0,0.18,0.0,0.2282,0.0,GSM8K
open-llm-leaderboard/details_KnutJaegersberg__Qwen-1_8B-Llamafied,1,0.0359,0.0,0.28,0.0,0.2441,0.0,GSM8K
open-llm-leaderboard/details_cognitivecomputations__dolphin-2.2-yi-34b-200k,1,0.0011,0.0,0.03,0.0,0.0311,0.0,GSM8K
open-llm-leaderboard/details_sr5434__CodegebraGPT-10b,1,0.0311,0.0,0.42,0.0,0.4511,0.0,GSM8K
open-llm-leaderboard/details_Azazelle__xDAN-SlimOrca,1,0.0408,0.0,0.62,0.0,0.5792,0.0,GSM8K
open-llm-leaderboard/details_spmurrayzzz__Mistral-Syndicate-7B,1,0.0595,0.0,0.5,0.0,0.4405,0.0,GSM8K
open-llm-leaderboard/details_Undi95__Mistral-11B-v0.1,1,0.0131,0.0,0.28,0.0,0.2669,0.0,GSM8K
open-llm-leaderboard/details_liuda1__dm7b_sft_gpt88w_merge,1,0.0692,0.0,0.49,0.0,0.4208,0.0,GSM8K
open-llm-leaderboard/details_SanjiWatsuki__Loyal-Macaroni-Maid-7B,1,0.1154,0.0,0.8,0.0,0.6846,0.0,GSM8K
open-llm-leaderboard/details_SanjiWatsuki__neural-chat-7b-v3-3-wizardmath-dare-me,1,0.0299,0.0,0.6,0.0,0.5701,0.0,GSM8K
open-llm-leaderboard/details_openthaigpt__openthaigpt-1.0.0-beta-13b-chat-hf,1,0.0117,0.0,0.02,0.0,0.0083,0.0,GSM8K
open-llm-leaderboard/details_Weyaxi__OpenHermes-2.5-neural-chat-v3-3-openchat-3.5-1210-Slerp,1,0.1128,0.0,0.83,0.0,0.7172,0.0,GSM8K
open-llm-leaderboard/details_zyh3826__GML-Mistral-merged-v1,1,0.0903,0.0,0.74,0.0,0.6497,0.0,GSM8K
open-llm-leaderboard/details_crumb__apricot-wildflower-20,1,0.0397,0.0,0.3,0.0,0.3397,0.0,GSM8K
open-llm-leaderboard/details_Brillibits__Instruct_Mixtral-8x7B-v0.1_Dolly15K,1,0.1356,0.0,0.73,0.0,0.5944,0.0,GSM8K
open-llm-leaderboard/details_luffycodes__vicuna-class-shishya-ac-hal-13b-ep3,1,0.0,0.0,0.0,0.0,0.0,0.0,GSM8K
open-llm-leaderboard/details_APMIC__caigun-lora-model-34B-v3,1,0.0249,0.0,0.57,0.0,0.5451,0.0,GSM8K
open-llm-leaderboard/details_xDAN-AI__xDAN-L1Mix-DeepThinking-v2,1,0.0803,0.0,0.52,0.0,0.4397,0.0,GSM8K
open-llm-leaderboard/details_rishiraj__CatPPT-base,1,0.0634,0.0,0.77,0.0,0.7066,0.0,GSM8K
open-llm-leaderboard/details_Mihaiii__Metis-0.3,1,0.0565,0.0,0.45,0.0,0.3935,0.0,GSM8K
open-llm-leaderboard/details_martyn__llama2-megamerge-dare-13b-v2,1,0.0274,0.0,0.32,0.0,0.2926,0.0,GSM8K
open-llm-leaderboard/details_Mihaiii__Metis-0.1,1,0.0221,0.0,0.31,0.0,0.3321,0.0,GSM8K
open-llm-leaderboard/details_perlthoughts__Starling-LM-alpha-8x7B-MoE,1,0.0047,0.0,0.62,0.0,0.6247,0.0,GSM8K
open-llm-leaderboard/details_microsoft__phi-2,1,0.0519,0.0,0.6,0.0,0.5481,0.0,GSM8K
open-llm-leaderboard/details_jondurbin__bagel-7b-v0.1,1,0.0107,0.0,0.47,0.0,0.4807,0.0,GSM8K
open-llm-leaderboard/details_mistralai__Mixtral-8x7B-v0.1,1,0.0038,0.0,0.58,0.0,0.5762,0.0,GSM8K
open-llm-leaderboard/details_chargoddard__servile-harpsichord-cdpo,1,0.0591,0.0,0.63,0.0,0.5709,0.0,GSM8K
open-llm-leaderboard/details_PulsarAI__OpenHermes-2.5-neural-chat-v3-3-Slerp,1,0.0422,0.0,0.72,0.0,0.6778,0.0,GSM8K
open-llm-leaderboard/details_Intel__neural-chat-7b-v3-3-Slerp,1,0.0702,0.0,0.77,0.0,0.6998,0.0,GSM8K
open-llm-leaderboard/details_kyujinpy__PlatYi-34B-200k-Q-FastChat,1,0.0852,0.0,0.6,0.0,0.5148,0.0,GSM8K
open-llm-leaderboard/details_jondurbin__spicyboros-70b-2.2,1,0.0306,0.0,0.44,0.0,0.4094,0.0,GSM8K
open-llm-leaderboard/details_openaccess-ai-collective__DPOpenHermes-7B,1,0.0519,0.0,0.6,0.0,0.5481,0.0,GSM8K
open-llm-leaderboard/details_WebraftAI__synapsellm-7b-mistral-v0.3-preview,1,0.0596,0.0,0.23,0.0,0.2896,0.0,GSM8K
open-llm-leaderboard/details_maywell__Synatra-RP-Orca-2-7b-v0.1,1,0.035,0.0,0.36,0.0,0.395,0.0,GSM8K
open-llm-leaderboard/details_perlthoughts__Chupacabra-7B-v2,1,0.0226,0.0,0.57,0.0,0.5474,0.0,GSM8K
open-llm-leaderboard/details_speechlessai__speechless-mistral-7b-dare-0.85,1,0.0614,0.0,0.26,0.0,0.1986,0.0,GSM8K
open-llm-leaderboard/details_jondurbin__airoboros-m-7b-3.1.2,1,0.0613,0.0,0.2,0.0,0.1387,0.0,GSM8K
open-llm-leaderboard/details_ajibawa-2023__Uncensored-Frank-33B,1,0.0732,0.0,0.24,0.0,0.1668,0.0,GSM8K
open-llm-leaderboard/details_Sao10K__Stheno-1.8-L2-13B,1,0.0273,0.0,0.16,0.0,0.1327,0.0,GSM8K
open-llm-leaderboard/details_SkunkworksAI__Mistralic-7B-1,1,0.0693,0.0,0.18,0.0,0.1107,0.0,GSM8K
open-llm-leaderboard/details_Undi95__ReMM-v2.1-L2-13B,1,0.0726,0.0,0.2,0.0,0.1274,0.0,GSM8K
open-llm-leaderboard/details_YeungNLP__firefly-llama2-13b-pretrain,1,0.0843,0.0,0.17,0.0,0.0857,0.0,GSM8K
open-llm-leaderboard/details_CHIH-HUNG__llama-2-13b-FINETUNE5_4w-r4-q_k_v_o,1,0.0872,0.0,0.21,0.0,0.1228,0.0,GSM8K
open-llm-leaderboard/details_KnutJaegersberg__deacon-13b,1,0.0461,0.0,0.15,0.0,0.1039,0.0,GSM8K
open-llm-leaderboard/details_llm-agents__tora-7b-v1.0,1,0.035,0.0,0.06,0.0,0.025,0.0,GSM8K
open-llm-leaderboard/details_zarakiquemparte__kuchiki-l2-7b,1,0.0053,0.0,0.05,0.0,0.0447,0.0,GSM8K
open-llm-leaderboard/details_BELLE-2__BELLE-Llama2-13B-chat-0.4M,1,0.024,0.0,0.12,0.0,0.144,0.0,GSM8K
open-llm-leaderboard/details_DevaMalla__llama_7b_lora,1,0.0647,0.0,0.12,0.0,0.0553,0.0,GSM8K
open-llm-leaderboard/details_Sao10K__Zephyrus-L1-33B,1,0.0842,0.0,0.32,0.0,0.2358,0.0,GSM8K
open-llm-leaderboard/details_camel-ai__CAMEL-13B-Role-Playing-Data,1,0.0665,0.0,0.14,0.0,0.0735,0.0,GSM8K
open-llm-leaderboard/details_lu-vae__llama2-13B-sharegpt4-orca-openplatypus-8w,1,0.0825,0.0,0.2,0.0,0.1175,0.0,GSM8K
open-llm-leaderboard/details_akjindal53244__Mistral-7B-v0.1-Open-Platypus,1,0.0271,0.0,0.2,0.0,0.1729,0.0,GSM8K
open-llm-leaderboard/details_YeungNLP__firefly-llama2-7b-pretrain,1,0.0374,0.0,0.07,0.0,0.0326,0.0,GSM8K
open-llm-leaderboard/details_TheBloke__Wizard-Vicuna-13B-Uncensored-HF,1,0.0336,0.0,0.12,0.0,0.0864,0.0,GSM8K
open-llm-leaderboard/details_TheBloke__airoboros-13B-HF,1,0.0287,0.0,0.1,0.0,0.0713,0.0,GSM8K
open-llm-leaderboard/details_NewstaR__Koss-7B-chat,1,0.0165,0.0,0.09,0.0,0.0735,0.0,GSM8K
open-llm-leaderboard/details_TigerResearch__tigerbot-13b-base,1,0.0494,0.0,0.22,0.0,0.1706,0.0,GSM8K
open-llm-leaderboard/details_Undi95__ReMM-v2.2-L2-13B,1,0.0497,0.0,0.19,0.0,0.1403,0.0,GSM8K
open-llm-leaderboard/details_TheBloke__robin-65b-v2-fp16,1,0.0801,0.0,0.35,0.0,0.2699,0.0,GSM8K
open-llm-leaderboard/details_jondurbin__airoboros-l2-70b-gpt4-m2.0,1,0.026,0.0,0.28,0.0,0.254,0.0,GSM8K
open-llm-leaderboard/details_PulsarAI__EnsembleV5-Nova-13B,1,0.0323,0.0,0.14,0.0,0.1077,0.0,GSM8K
open-llm-leaderboard/details_Undi95__MLewd-ReMM-L2-Chat-20B,1,0.0608,0.0,0.17,0.0,0.1092,0.0,GSM8K
open-llm-leaderboard/details_TheBloke__koala-13B-HF,1,0.0418,0.0,0.11,0.0,0.0682,0.0,GSM8K
open-llm-leaderboard/details_ehartford__Samantha-1.11-CodeLlama-34b,1,0.0467,0.0,0.24,0.0,0.1933,0.0,GSM8K
open-llm-leaderboard/details_jondurbin__airoboros-7b-gpt4-1.1,1,0.0389,0.0,0.07,0.0,0.0311,0.0,GSM8K
open-llm-leaderboard/details_NousResearch__CodeLlama-34b-hf,1,0.0339,0.0,0.25,0.0,0.2161,0.0,GSM8K
open-llm-leaderboard/details_Undi95__Nous-Hermes-13B-Code,1,0.0361,0.0,0.14,0.0,0.1039,0.0,GSM8K
open-llm-leaderboard/details_openlm-research__open_llama_7b,1,0.0241,0.0,0.04,0.0,0.0159,0.0,GSM8K
open-llm-leaderboard/details_stabilityai__StableBeluga-13B,1,0.062,0.0,0.2,0.0,0.138,0.0,GSM8K
open-llm-leaderboard/details_The-Face-Of-Goonery__huginnv1.2,1,0.0383,0.0,0.13,0.0,0.0917,0.0,GSM8K
open-llm-leaderboard/details_Aspik101__trurl-2-13b-pl-instruct_unload,1,0.0179,0.0,0.14,0.0,0.1221,0.0,GSM8K
open-llm-leaderboard/details_augtoma__qCammel-70x,1,0.0928,0.0,0.39,0.0,0.2972,0.0,GSM8K
open-llm-leaderboard/details_duliadotio__dulia-13b-8k-alpha,1,0.0631,0.0,0.17,0.0,0.1069,0.0,GSM8K
open-llm-leaderboard/details_lilloukas__Platypus-30B,1,0.036,0.0,0.18,0.0,0.144,0.0,GSM8K
open-llm-leaderboard/details_Sao10K__Stheno-L2-13B,1,0.0102,0.0,0.13,0.0,0.1198,0.0,GSM8K
open-llm-leaderboard/details_openaccess-ai-collective__manticore-13b,1,0.0679,0.0,0.19,0.0,0.1221,0.0,GSM8K
open-llm-leaderboard/details_Open-Orca__OpenOrca-Preview1-13B,1,0.0307,0.0,0.08,0.0,0.0493,0.0,GSM8K
open-llm-leaderboard/details_SanjiWatsuki__neural-chat-7b-v3-3-wizardmath-dare-me,1,0.003,0.0,0.57,0.0,0.567,0.0,MMLU
open-llm-leaderboard/details_rombodawg__Leaderboard-killer-MoE_4x7b,1,0.0443,0.0,0.68,0.0,0.6357,0.0,MMLU
open-llm-leaderboard/details_maywell__PiVoT-SUS-RP,1,0.013,0.0,0.75,0.0,0.763,0.0,MMLU
open-llm-leaderboard/details_macadeliccc__polyglot-math-4x7b,1,0.0432,0.0,0.67,0.0,0.6268,0.0,MMLU
open-llm-leaderboard/details_Locutusque__Rhino-Mistral-7B,1,0.0288,0.0,0.45,0.0,0.4788,0.0,MMLU
open-llm-leaderboard/details_Weyaxi__Bagel-Hermes-2x34b,1,0.0491,0.0,0.73,0.0,0.7791,0.0,MMLU
open-llm-leaderboard/details_macadeliccc__laser-dolphin-mixtral-2x7b-dpo,1,0.0197,0.0,0.6,0.0,0.6197,0.0,MMLU
open-llm-leaderboard/details_Weyaxi__Bagel-Hermes-34B-Slerp,1,0.0287,0.0,0.75,0.0,0.7787,0.0,MMLU
open-llm-leaderboard/details_Weyaxi__Helion-4x34B,1,0.0497,0.0,0.73,0.0,0.7797,0.0,MMLU
open-llm-leaderboard/details_chanwit__flux-7b-v0.1,1,0.0044,0.0,0.64,0.0,0.6444,0.0,MMLU
open-llm-leaderboard/details_hywu__Camelidae-8x13B,1,0.0236,0.0,0.59,0.0,0.5664,0.0,MMLU
open-llm-leaderboard/details_RatanRohith__MistralBeagle-RS-7B-V0.1,1,0.0299,0.0,0.59,0.0,0.6199,0.0,MMLU
open-llm-leaderboard/details_jilp00__Hermes-2-SOLAR-10.7B-Symbolic,1,0.0158,0.0,0.63,0.0,0.6458,0.0,MMLU
open-llm-leaderboard/details_Neuronovo__neuronovo-7B-v0.1,1,0.013,0.0,0.61,0.0,0.623,0.0,MMLU
open-llm-leaderboard/details_rombodawg__Open_Gpt4_8x7B,1,0.0152,0.0,0.69,0.0,0.7052,0.0,MMLU
open-llm-leaderboard/details_ewqr2130__mistral-se-inst-ppo,1,0.0146,0.0,0.61,0.0,0.5954,0.0,MMLU
open-llm-leaderboard/details_TomGrc__FusionNet_passthrough,1,0.0294,0.0,0.61,0.0,0.6394,0.0,MMLU
open-llm-leaderboard/details_chargoddard__mixtralmerge-8x7B-rebalanced-test,1,0.0642,0.0,0.63,0.0,0.6942,0.0,MMLU
open-llm-leaderboard/details_TIGER-Lab__TIGERScore-13B,1,0.0152,0.0,0.56,0.0,0.5448,0.0,MMLU
open-llm-leaderboard/details_qblocks__codellama_7b_DolphinCoder,1,0.0186,0.0,0.39,0.0,0.3714,0.0,MMLU
open-llm-leaderboard/details_OpenBuddy__openbuddy-falcon-40b-v16.1-4k,1,0.0223,0.0,0.57,0.0,0.5477,0.0,MMLU
open-llm-leaderboard/details_Weyaxi__Nous-Hermes-2-SUS-Chat-2x34B,1,0.0361,0.0,0.73,0.0,0.7661,0.0,MMLU
open-llm-leaderboard/details_TomGrc__FusionNet_passthrough_v0.1,1,0.0291,0.0,0.61,0.0,0.6391,0.0,MMLU
open-llm-leaderboard/details_KnutJaegersberg__Qwen-1_8B-Llamafied,1,0.0426,0.0,0.49,0.0,0.4474,0.0,MMLU
open-llm-leaderboard/details_cognitivecomputations__dolphin-2.2-yi-34b-200k,1,0.0154,0.0,0.53,0.0,0.5454,0.0,MMLU
open-llm-leaderboard/details_sr5434__CodegebraGPT-10b,1,0.0203,0.0,0.61,0.0,0.5897,0.0,MMLU
open-llm-leaderboard/details_Azazelle__xDAN-SlimOrca,1,0.0505,0.0,0.58,0.0,0.6305,0.0,MMLU
open-llm-leaderboard/details_spmurrayzzz__Mistral-Syndicate-7B,1,0.0507,0.0,0.54,0.0,0.5907,0.0,MMLU
open-llm-leaderboard/details_Undi95__Mistral-11B-v0.1,1,0.0217,0.0,0.64,0.0,0.6183,0.0,MMLU
open-llm-leaderboard/details_liuda1__dm7b_sft_gpt88w_merge,1,0.083,0.0,0.68,0.0,0.597,0.0,MMLU
open-llm-leaderboard/details_SanjiWatsuki__Loyal-Macaroni-Maid-7B,1,0.0324,0.0,0.61,0.0,0.6424,0.0,MMLU
open-llm-leaderboard/details_openthaigpt__openthaigpt-1.0.0-beta-13b-chat-hf,1,0.1137,0.0,0.62,0.0,0.5063,0.0,MMLU
open-llm-leaderboard/details_Weyaxi__OpenHermes-2.5-neural-chat-v3-3-openchat-3.5-1210-Slerp,1,0.0126,0.0,0.63,0.0,0.6426,0.0,MMLU
open-llm-leaderboard/details_zyh3826__GML-Mistral-merged-v1,1,0.0141,0.0,0.66,0.0,0.6459,0.0,MMLU
open-llm-leaderboard/details_crumb__apricot-wildflower-20,1,0.0218,0.0,0.64,0.0,0.6182,0.0,MMLU
open-llm-leaderboard/details_Brillibits__Instruct_Mixtral-8x7B-v0.1_Dolly15K,1,0.0233,0.0,0.68,0.0,0.7033,0.0,MMLU
open-llm-leaderboard/details_luffycodes__vicuna-class-shishya-ac-hal-13b-ep3,1,0.0359,0.0,0.59,0.0,0.5541,0.0,MMLU
open-llm-leaderboard/details_APMIC__caigun-lora-model-34B-v3,1,0.0242,0.0,0.73,0.0,0.7542,0.0,MMLU
open-llm-leaderboard/details_xDAN-AI__xDAN-L1Mix-DeepThinking-v2,1,0.0223,0.0,0.61,0.0,0.5877,0.0,MMLU
open-llm-leaderboard/details_rishiraj__CatPPT-base,1,0.0113,0.0,0.63,0.0,0.6413,0.0,MMLU
open-llm-leaderboard/details_Mihaiii__Metis-0.3,1,0.0259,0.0,0.62,0.0,0.5941,0.0,MMLU
open-llm-leaderboard/details_martyn__llama2-megamerge-dare-13b-v2,1,0.0006,0.0,0.55,0.0,0.5494,0.0,MMLU
open-llm-leaderboard/details_Mihaiii__Metis-0.1,1,0.01,0.0,0.61,0.0,0.6,0.0,MMLU
open-llm-leaderboard/details_perlthoughts__Starling-LM-alpha-8x7B-MoE,1,0.0604,0.0,0.58,0.0,0.6404,0.0,MMLU
open-llm-leaderboard/details_microsoft__phi-2,1,0.0226,0.0,0.59,0.0,0.5674,0.0,MMLU
open-llm-leaderboard/details_jondurbin__bagel-7b-v0.1,1,0.0384,0.0,0.67,0.0,0.6316,0.0,MMLU
open-llm-leaderboard/details_mistralai__Mixtral-8x7B-v0.1,1,0.1037,0.0,0.6,0.0,0.7037,0.0,MMLU
open-llm-leaderboard/details_chargoddard__servile-harpsichord-cdpo,1,0.0158,0.0,0.62,0.0,0.6358,0.0,MMLU
open-llm-leaderboard/details_PulsarAI__OpenHermes-2.5-neural-chat-v3-3-Slerp,1,0.0122,0.0,0.62,0.0,0.6322,0.0,MMLU
open-llm-leaderboard/details_Intel__neural-chat-7b-v3-3-Slerp,1,0.0368,0.0,0.65,0.0,0.6132,0.0,MMLU
open-llm-leaderboard/details_kyujinpy__PlatYi-34B-200k-Q-FastChat,1,0.016,0.0,0.76,0.0,0.776,0.0,MMLU
open-llm-leaderboard/details_jondurbin__spicyboros-70b-2.2,1,0.0153,0.0,0.72,0.0,0.7047,0.0,MMLU
open-llm-leaderboard/details_openaccess-ai-collective__DPOpenHermes-7B,1,0.0033,0.0,0.63,0.0,0.6267,0.0,MMLU
open-llm-leaderboard/details_WebraftAI__synapsellm-7b-mistral-v0.3-preview,1,0.1056,0.0,0.64,0.0,0.5344,0.0,MMLU
open-llm-leaderboard/details_maywell__Synatra-RP-Orca-2-7b-v0.1,1,0.0122,0.0,0.56,0.0,0.5478,0.0,MMLU
open-llm-leaderboard/details_perlthoughts__Chupacabra-7B-v2,1,0.0053,0.0,0.62,0.0,0.6253,0.0,MMLU
open-llm-leaderboard/details_speechlessai__speechless-mistral-7b-dare-0.85,1,0.0107,0.0,0.64,0.0,0.6293,0.0,MMLU
open-llm-leaderboard/details_jondurbin__airoboros-m-7b-3.1.2,1,0.0036,0.0,0.6,0.0,0.6036,0.0,MMLU
open-llm-leaderboard/details_ajibawa-2023__Uncensored-Frank-33B,1,0.0399,0.0,0.53,0.0,0.5699,0.0,MMLU
open-llm-leaderboard/details_Sao10K__Stheno-1.8-L2-13B,1,0.0113,0.0,0.6,0.0,0.5887,0.0,MMLU
open-llm-leaderboard/details_SkunkworksAI__Mistralic-7B-1,1,0.0134,0.0,0.61,0.0,0.5966,0.0,MMLU
open-llm-leaderboard/details_Undi95__ReMM-v2.1-L2-13B,1,0.0605,0.0,0.62,0.0,0.5595,0.0,MMLU
open-llm-leaderboard/details_YeungNLP__firefly-llama2-13b-pretrain,1,0.0086,0.0,0.49,0.0,0.4986,0.0,MMLU
open-llm-leaderboard/details_CHIH-HUNG__llama-2-13b-FINETUNE5_4w-r4-q_k_v_o,1,0.0548,0.0,0.6,0.0,0.5452,0.0,MMLU
open-llm-leaderboard/details_KnutJaegersberg__deacon-13b,1,0.087,0.0,0.63,0.0,0.543,0.0,MMLU
open-llm-leaderboard/details_llm-agents__tora-7b-v1.0,1,0.0685,0.0,0.52,0.0,0.4515,0.0,MMLU
open-llm-leaderboard/details_zarakiquemparte__kuchiki-l2-7b,1,0.0281,0.0,0.5,0.0,0.4719,0.0,MMLU
open-llm-leaderboard/details_BELLE-2__BELLE-Llama2-13B-chat-0.4M,1,0.0478,0.0,0.6,0.0,0.5522,0.0,MMLU
open-llm-leaderboard/details_DevaMalla__llama_7b_lora,1,0.0175,0.0,0.35,0.0,0.3325,0.0,MMLU
open-llm-leaderboard/details_Sao10K__Zephyrus-L1-33B,1,0.041,0.0,0.61,0.0,0.569,0.0,MMLU
open-llm-leaderboard/details_camel-ai__CAMEL-13B-Role-Playing-Data,1,0.0597,0.0,0.52,0.0,0.4603,0.0,MMLU
open-llm-leaderboard/details_lu-vae__llama2-13B-sharegpt4-orca-openplatypus-8w,1,0.0216,0.0,0.53,0.0,0.5516,0.0,MMLU
open-llm-leaderboard/details_akjindal53244__Mistral-7B-v0.1-Open-Platypus,1,0.0205,0.0,0.65,0.0,0.6295,0.0,MMLU
open-llm-leaderboard/details_YeungNLP__firefly-llama2-7b-pretrain,1,0.0478,0.0,0.45,0.0,0.4022,0.0,MMLU
open-llm-leaderboard/details_TheBloke__Wizard-Vicuna-13B-Uncensored-HF,1,0.0465,0.0,0.52,0.0,0.4735,0.0,MMLU
open-llm-leaderboard/details_TheBloke__airoboros-13B-HF,1,0.0743,0.0,0.57,0.0,0.4957,0.0,MMLU
open-llm-leaderboard/details_NewstaR__Koss-7B-chat,1,0.0712,0.0,0.53,0.0,0.4588,0.0,MMLU
open-llm-leaderboard/details_TigerResearch__tigerbot-13b-base,1,0.0779,0.0,0.6,0.0,0.5221,0.0,MMLU
open-llm-leaderboard/details_Undi95__ReMM-v2.2-L2-13B,1,0.0284,0.0,0.59,0.0,0.5616,0.0,MMLU
open-llm-leaderboard/details_TheBloke__robin-65b-v2-fp16,1,0.019,0.0,0.6,0.0,0.619,0.0,MMLU
open-llm-leaderboard/details_jondurbin__airoboros-l2-70b-gpt4-m2.0,1,0.0154,0.0,0.69,0.0,0.7054,0.0,MMLU
open-llm-leaderboard/details_PulsarAI__EnsembleV5-Nova-13B,1,0.0291,0.0,0.54,0.0,0.5691,0.0,MMLU
open-llm-leaderboard/details_Undi95__MLewd-ReMM-L2-Chat-20B,1,0.0753,0.0,0.67,0.0,0.5947,0.0,MMLU
open-llm-leaderboard/details_TheBloke__koala-13B-HF,1,0.0526,0.0,0.5,0.0,0.4474,0.0,MMLU
open-llm-leaderboard/details_ehartford__Samantha-1.11-CodeLlama-34b,1,0.0296,0.0,0.55,0.0,0.5204,0.0,MMLU
open-llm-leaderboard/details_jondurbin__airoboros-7b-gpt4-1.1,1,0.0589,0.0,0.45,0.0,0.3911,0.0,MMLU
open-llm-leaderboard/details_NousResearch__CodeLlama-34b-hf,1,0.0474,0.0,0.31,0.0,0.3574,0.0,MMLU
open-llm-leaderboard/details_Undi95__Nous-Hermes-13B-Code,1,0.0844,0.0,0.63,0.0,0.5456,0.0,MMLU
open-llm-leaderboard/details_openlm-research__open_llama_7b,1,0.0777,0.0,0.38,0.0,0.3023,0.0,MMLU
open-llm-leaderboard/details_stabilityai__StableBeluga-13B,1,0.0287,0.0,0.6,0.0,0.5713,0.0,MMLU
open-llm-leaderboard/details_The-Face-Of-Goonery__huginnv1.2,1,0.0813,0.0,0.65,0.0,0.5687,0.0,MMLU
open-llm-leaderboard/details_Aspik101__trurl-2-13b-pl-instruct_unload,1,0.0542,0.0,0.84,0.0,0.7858,0.0,MMLU
open-llm-leaderboard/details_augtoma__qCammel-70x,1,0.0374,0.0,0.74,0.0,0.7026,0.0,MMLU
open-llm-leaderboard/details_duliadotio__dulia-13b-8k-alpha,1,0.086,0.0,0.65,0.0,0.564,0.0,MMLU
open-llm-leaderboard/details_lilloukas__Platypus-30B,1,0.0641,0.0,0.58,0.0,0.6441,0.0,MMLU
open-llm-leaderboard/details_Sao10K__Stheno-L2-13B,1,0.062,0.0,0.62,0.0,0.558,0.0,MMLU
open-llm-leaderboard/details_openaccess-ai-collective__manticore-13b,1,0.0693,0.0,0.57,0.0,0.5007,0.0,MMLU
open-llm-leaderboard/details_Open-Orca__OpenOrca-Preview1-13B,1,0.0183,0.0,0.51,0.0,0.4917,0.0,MMLU
open-llm-leaderboard/details_rombodawg__Leaderboard-killer-MoE_4x7b,1,0.0465,0.0,0.59,0.0,0.6365,0.0,ARC Challenge
open-llm-leaderboard/details_maywell__PiVoT-SUS-RP,1,0.0155,0.0,0.65,0.0,0.6655,0.0,ARC Challenge
open-llm-leaderboard/details_macadeliccc__polyglot-math-4x7b,1,0.0374,0.0,0.6,0.0,0.6374,0.0,ARC Challenge
open-llm-leaderboard/details_Locutusque__Rhino-Mistral-7B,1,0.0088,0.0,0.49,0.0,0.4812,0.0,ARC Challenge
open-llm-leaderboard/details_Weyaxi__Bagel-Hermes-2x34b,1,0.048,0.0,0.65,0.0,0.698,0.0,ARC Challenge
open-llm-leaderboard/details_macadeliccc__laser-dolphin-mixtral-2x7b-dpo,1,0.0196,0.0,0.64,0.0,0.6596,0.0,ARC Challenge
open-llm-leaderboard/details_Weyaxi__Bagel-Hermes-34B-Slerp,1,0.0273,0.0,0.68,0.0,0.7073,0.0,ARC Challenge
open-llm-leaderboard/details_Weyaxi__Helion-4x34B,1,0.0271,0.0,0.67,0.0,0.6971,0.0,ARC Challenge
open-llm-leaderboard/details_chanwit__flux-7b-v0.1,1,0.0106,0.0,0.66,0.0,0.6706,0.0,ARC Challenge
open-llm-leaderboard/details_hywu__Camelidae-8x13B,1,0.0118,0.0,0.6,0.0,0.6118,0.0,ARC Challenge
open-llm-leaderboard/details_RatanRohith__MistralBeagle-RS-7B-V0.1,1,0.0245,0.0,0.67,0.0,0.6945,0.0,ARC Challenge
open-llm-leaderboard/details_jilp00__Hermes-2-SOLAR-10.7B-Symbolic,1,0.0869,0.0,0.53,0.0,0.6169,0.0,ARC Challenge
open-llm-leaderboard/details_Neuronovo__neuronovo-7B-v0.1,1,0.0398,0.0,0.63,0.0,0.6698,0.0,ARC Challenge
open-llm-leaderboard/details_rombodawg__Open_Gpt4_8x7B,1,0.0028,0.0,0.69,0.0,0.6928,0.0,ARC Challenge
open-llm-leaderboard/details_ewqr2130__mistral-se-inst-ppo,1,0.0531,0.0,0.51,0.0,0.5631,0.0,ARC Challenge
open-llm-leaderboard/details_TomGrc__FusionNet_passthrough,1,0.0745,0.0,0.62,0.0,0.6945,0.0,ARC Challenge
open-llm-leaderboard/details_chargoddard__mixtralmerge-8x7B-rebalanced-test,1,0.0217,0.0,0.66,0.0,0.6817,0.0,ARC Challenge
open-llm-leaderboard/details_TIGER-Lab__TIGERScore-13B,1,0.0604,0.0,0.53,0.0,0.5904,0.0,ARC Challenge
open-llm-leaderboard/details_qblocks__codellama_7b_DolphinCoder,1,0.0202,0.0,0.44,0.0,0.4198,0.0,ARC Challenge
open-llm-leaderboard/details_OpenBuddy__openbuddy-falcon-40b-v16.1-4k,1,0.0458,0.0,0.56,0.0,0.6058,0.0,ARC Challenge
open-llm-leaderboard/details_Weyaxi__Nous-Hermes-2-SUS-Chat-2x34B,1,0.0181,0.0,0.65,0.0,0.6681,0.0,ARC Challenge
open-llm-leaderboard/details_TomGrc__FusionNet_passthrough_v0.1,1,0.0745,0.0,0.62,0.0,0.6945,0.0,ARC Challenge
open-llm-leaderboard/details_KnutJaegersberg__Qwen-1_8B-Llamafied,1,0.0071,0.0,0.37,0.0,0.3771,0.0,ARC Challenge
open-llm-leaderboard/details_cognitivecomputations__dolphin-2.2-yi-34b-200k,1,0.0106,0.0,0.41,0.0,0.4206,0.0,ARC Challenge
open-llm-leaderboard/details_sr5434__CodegebraGPT-10b,1,0.0181,0.0,0.58,0.0,0.5981,0.0,ARC Challenge
open-llm-leaderboard/details_Azazelle__xDAN-SlimOrca,1,0.0039,0.0,0.66,0.0,0.6561,0.0,ARC Challenge
open-llm-leaderboard/details_spmurrayzzz__Mistral-Syndicate-7B,1,0.0184,0.0,0.59,0.0,0.6084,0.0,ARC Challenge
open-llm-leaderboard/details_Undi95__Mistral-11B-v0.1,1,0.0656,0.0,0.53,0.0,0.5956,0.0,ARC Challenge
open-llm-leaderboard/details_liuda1__dm7b_sft_gpt88w_merge,1,0.0029,0.0,0.62,0.0,0.6229,0.0,ARC Challenge
open-llm-leaderboard/details_SanjiWatsuki__Loyal-Macaroni-Maid-7B,1,0.04,0.0,0.64,0.0,0.68,0.0,ARC Challenge
open-llm-leaderboard/details_SanjiWatsuki__neural-chat-7b-v3-3-wizardmath-dare-me,1,0.0364,0.0,0.56,0.0,0.5964,0.0,ARC Challenge
open-llm-leaderboard/details_openthaigpt__openthaigpt-1.0.0-beta-13b-chat-hf,1,0.0242,0.0,0.56,0.0,0.5358,0.0,ARC Challenge
open-llm-leaderboard/details_Weyaxi__OpenHermes-2.5-neural-chat-v3-3-openchat-3.5-1210-Slerp,1,0.0392,0.0,0.64,0.0,0.6792,0.0,ARC Challenge
open-llm-leaderboard/details_zyh3826__GML-Mistral-merged-v1,1,0.0425,0.0,0.67,0.0,0.7125,0.0,ARC Challenge
open-llm-leaderboard/details_crumb__apricot-wildflower-20,1,0.0564,0.0,0.54,0.0,0.5964,0.0,ARC Challenge
open-llm-leaderboard/details_Brillibits__Instruct_Mixtral-8x7B-v0.1_Dolly15K,1,0.0228,0.0,0.67,0.0,0.6928,0.0,ARC Challenge
open-llm-leaderboard/details_luffycodes__vicuna-class-shishya-ac-hal-13b-ep3,1,0.0046,0.0,0.48,0.0,0.4846,0.0,ARC Challenge
open-llm-leaderboard/details_APMIC__caigun-lora-model-34B-v3,1,0.0689,0.0,0.6,0.0,0.6689,0.0,ARC Challenge
open-llm-leaderboard/details_xDAN-AI__xDAN-L1Mix-DeepThinking-v2,1,0.0537,0.0,0.57,0.0,0.6237,0.0,ARC Challenge
open-llm-leaderboard/details_rishiraj__CatPPT-base,1,0.0092,0.0,0.67,0.0,0.6792,0.0,ARC Challenge
open-llm-leaderboard/details_Mihaiii__Metis-0.3,1,0.0671,0.0,0.56,0.0,0.6271,0.0,ARC Challenge
open-llm-leaderboard/details_martyn__llama2-megamerge-dare-13b-v2,1,0.0139,0.0,0.58,0.0,0.5939,0.0,ARC Challenge
open-llm-leaderboard/details_Mihaiii__Metis-0.1,1,0.0615,0.0,0.54,0.0,0.6015,0.0,ARC Challenge
open-llm-leaderboard/details_perlthoughts__Starling-LM-alpha-8x7B-MoE,1,0.0365,0.0,0.6,0.0,0.6365,0.0,ARC Challenge
open-llm-leaderboard/details_microsoft__phi-2,1,0.0009,0.0,0.61,0.0,0.6109,0.0,ARC Challenge
open-llm-leaderboard/details_jondurbin__bagel-7b-v0.1,1,0.0291,0.0,0.61,0.0,0.6391,0.0,ARC Challenge
open-llm-leaderboard/details_mistralai__Mixtral-8x7B-v0.1,1,0.0062,0.0,0.67,0.0,0.6638,0.0,ARC Challenge
open-llm-leaderboard/details_chargoddard__servile-harpsichord-cdpo,1,0.0032,0.0,0.67,0.0,0.6732,0.0,ARC Challenge
open-llm-leaderboard/details_PulsarAI__OpenHermes-2.5-neural-chat-v3-3-Slerp,1,0.0209,0.0,0.66,0.0,0.6809,0.0,ARC Challenge
open-llm-leaderboard/details_Intel__neural-chat-7b-v3-3-Slerp,1,0.0036,0.0,0.67,0.0,0.6664,0.0,ARC Challenge
open-llm-leaderboard/details_kyujinpy__PlatYi-34B-200k-Q-FastChat,1,0.0293,0.0,0.62,0.0,0.6493,0.0,ARC Challenge
open-llm-leaderboard/details_jondurbin__spicyboros-70b-2.2,1,0.0273,0.0,0.68,0.0,0.7073,0.0,ARC Challenge
open-llm-leaderboard/details_openaccess-ai-collective__DPOpenHermes-7B,1,0.0196,0.0,0.64,0.0,0.6596,0.0,ARC Challenge
open-llm-leaderboard/details_WebraftAI__synapsellm-7b-mistral-v0.3-preview,1,0.0216,0.0,0.56,0.0,0.5384,0.0,ARC Challenge
open-llm-leaderboard/details_maywell__Synatra-RP-Orca-2-7b-v0.1,1,0.0142,0.0,0.56,0.0,0.5742,0.0,ARC Challenge
open-llm-leaderboard/details_perlthoughts__Chupacabra-7B-v2,1,0.0081,0.0,0.66,0.0,0.6519,0.0,ARC Challenge
open-llm-leaderboard/details_speechlessai__speechless-mistral-7b-dare-0.85,1,0.0531,0.0,0.58,0.0,0.6331,0.0,ARC Challenge
open-llm-leaderboard/details_jondurbin__airoboros-m-7b-3.1.2,1,0.0486,0.0,0.57,0.0,0.6186,0.0,ARC Challenge
open-llm-leaderboard/details_ajibawa-2023__Uncensored-Frank-33B,1,0.0312,0.0,0.59,0.0,0.6212,0.0,ARC Challenge
open-llm-leaderboard/details_Sao10K__Stheno-1.8-L2-13B,1,0.0048,0.0,0.63,0.0,0.6348,0.0,ARC Challenge
open-llm-leaderboard/details_SkunkworksAI__Mistralic-7B-1,1,0.0084,0.0,0.6,0.0,0.6084,0.0,ARC Challenge
open-llm-leaderboard/details_Undi95__ReMM-v2.1-L2-13B,1,0.0343,0.0,0.58,0.0,0.6143,0.0,ARC Challenge
open-llm-leaderboard/details_YeungNLP__firefly-llama2-13b-pretrain,1,0.0108,0.0,0.55,0.0,0.5392,0.0,ARC Challenge
open-llm-leaderboard/details_CHIH-HUNG__llama-2-13b-FINETUNE5_4w-r4-q_k_v_o,1,0.0336,0.0,0.55,0.0,0.5836,0.0,ARC Challenge
open-llm-leaderboard/details_KnutJaegersberg__deacon-13b,1,0.0185,0.0,0.56,0.0,0.5785,0.0,ARC Challenge
open-llm-leaderboard/details_llm-agents__tora-7b-v1.0,1,0.0047,0.0,0.52,0.0,0.5247,0.0,ARC Challenge
open-llm-leaderboard/details_zarakiquemparte__kuchiki-l2-7b,1,0.0135,0.0,0.53,0.0,0.5435,0.0,ARC Challenge
open-llm-leaderboard/details_BELLE-2__BELLE-Llama2-13B-chat-0.4M,1,0.0167,0.0,0.59,0.0,0.6067,0.0,ARC Challenge
open-llm-leaderboard/details_DevaMalla__llama_7b_lora,1,0.0086,0.0,0.54,0.0,0.5486,0.0,ARC Challenge
open-llm-leaderboard/details_Sao10K__Zephyrus-L1-33B,1,0.0151,0.0,0.63,0.0,0.6451,0.0,ARC Challenge
open-llm-leaderboard/details_camel-ai__CAMEL-13B-Role-Playing-Data,1,0.0295,0.0,0.52,0.0,0.5495,0.0,ARC Challenge
open-llm-leaderboard/details_lu-vae__llama2-13B-sharegpt4-orca-openplatypus-8w,1,0.048,0.0,0.58,0.0,0.628,0.0,ARC Challenge
open-llm-leaderboard/details_akjindal53244__Mistral-7B-v0.1-Open-Platypus,1,0.0637,0.0,0.56,0.0,0.6237,0.0,ARC Challenge
open-llm-leaderboard/details_YeungNLP__firefly-llama2-7b-pretrain,1,0.0237,0.0,0.51,0.0,0.4863,0.0,ARC Challenge
open-llm-leaderboard/details_TheBloke__Wizard-Vicuna-13B-Uncensored-HF,1,0.0396,0.0,0.55,0.0,0.5896,0.0,ARC Challenge
open-llm-leaderboard/details_TheBloke__airoboros-13B-HF,1,0.0328,0.0,0.55,0.0,0.5828,0.0,ARC Challenge
open-llm-leaderboard/details_NewstaR__Koss-7B-chat,1,0.0167,0.0,0.52,0.0,0.5367,0.0,ARC Challenge
open-llm-leaderboard/details_TigerResearch__tigerbot-13b-base,1,0.0216,0.0,0.56,0.0,0.5384,0.0,ARC Challenge
open-llm-leaderboard/details_Undi95__ReMM-v2.2-L2-13B,1,0.0426,0.0,0.57,0.0,0.6126,0.0,ARC Challenge
open-llm-leaderboard/details_TheBloke__robin-65b-v2-fp16,1,0.0105,0.0,0.63,0.0,0.6195,0.0,ARC Challenge
open-llm-leaderboard/details_jondurbin__airoboros-l2-70b-gpt4-m2.0,1,0.0405,0.0,0.66,0.0,0.7005,0.0,ARC Challenge
open-llm-leaderboard/details_PulsarAI__EnsembleV5-Nova-13B,1,0.0271,0.0,0.6,0.0,0.6271,0.0,ARC Challenge
open-llm-leaderboard/details_Undi95__MLewd-ReMM-L2-Chat-20B,1,0.0346,0.0,0.59,0.0,0.6246,0.0,ARC Challenge
open-llm-leaderboard/details_TheBloke__koala-13B-HF,1,0.0001,0.0,0.53,0.0,0.5299,0.0,ARC Challenge
open-llm-leaderboard/details_ehartford__Samantha-1.11-CodeLlama-34b,1,0.0057,0.0,0.56,0.0,0.5657,0.0,ARC Challenge
open-llm-leaderboard/details_jondurbin__airoboros-7b-gpt4-1.1,1,0.0139,0.0,0.56,0.0,0.5461,0.0,ARC Challenge
open-llm-leaderboard/details_NousResearch__CodeLlama-34b-hf,1,0.0154,0.0,0.36,0.0,0.3754,0.0,ARC Challenge
open-llm-leaderboard/details_Undi95__Nous-Hermes-13B-Code,1,0.0118,0.0,0.6,0.0,0.6118,0.0,ARC Challenge
open-llm-leaderboard/details_openlm-research__open_llama_7b,1,0.0099,0.0,0.45,0.0,0.4599,0.0,ARC Challenge
open-llm-leaderboard/details_stabilityai__StableBeluga-13B,1,0.0203,0.0,0.6,0.0,0.6203,0.0,ARC Challenge
open-llm-leaderboard/details_The-Face-Of-Goonery__huginnv1.2,1,0.0337,0.0,0.59,0.0,0.6237,0.0,ARC Challenge
open-llm-leaderboard/details_Aspik101__trurl-2-13b-pl-instruct_unload,1,0.009,0.0,0.59,0.0,0.599,0.0,ARC Challenge
open-llm-leaderboard/details_augtoma__qCammel-70x,1,0.0234,0.0,0.66,0.0,0.6834,0.0,ARC Challenge
open-llm-leaderboard/details_duliadotio__dulia-13b-8k-alpha,1,0.0267,0.0,0.58,0.0,0.6067,0.0,ARC Challenge
open-llm-leaderboard/details_lilloukas__Platypus-30B,1,0.0359,0.0,0.61,0.0,0.6459,0.0,ARC Challenge
open-llm-leaderboard/details_Sao10K__Stheno-L2-13B,1,0.0201,0.0,0.59,0.0,0.6101,0.0,ARC Challenge
open-llm-leaderboard/details_openaccess-ai-collective__manticore-13b,1,0.067,0.0,0.52,0.0,0.587,0.0,ARC Challenge
open-llm-leaderboard/details_Open-Orca__OpenOrca-Preview1-13B,1,0.0505,0.0,0.6,0.0,0.5495,0.0,ARC Challenge
