model_name,dataset_name,scenario_name,num_questions,num_anchors,estimated_theta,true_performance,anchor_prediction,irt_prediction,gp_irt_prediction,pirt_prediction,anchor_error,irt_error,gp_irt_error,pirt_error,dataset_lambda,pirt_lambda
01-ai/yi-34b,MedQA,MedQA,1000,100,1.6134148071501704,0.652,0.6142284569138274,0.5182085237030805,0.6067557422535953,0.5195541230301339,0.03777154308617259,0.13379147629691956,0.045244257746404726,0.1324458769698661,0.9210692660440336,0.1
AlephAlpha/luminous-extended,MedQA,MedQA,1000,100,0.7618944954269219,0.26,0.32364729458917835,0.3154086236421539,0.32262216500897517,0.31065958335396937,0.06364729458917834,0.055408623642153876,0.06262216500897516,0.05065958335396936,0.9210692660440336,0.1
ai21/jamba-instruct,MedQA,MedQA,1000,100,0.7140872912232851,0.537,0.49298597194388777,0.4898856330274504,0.4922766745787692,0.48399964520436695,0.044014028056112264,0.047114366972549615,0.04472332542123081,0.05300035479563309,0.9210692660440336,0.1
amazon/nova-lite-v1:0,MedQA,MedQA,1000,100,1.296475853645946,0.7,0.6813627254509016,0.6351972720499375,0.6775430017639266,0.6329693621115215,0.01863727454909836,0.06480272795006248,0.02245699823607339,0.0670306378884784,0.9210692660440336,0.1
anthropic/claude-2.0,MedQA,MedQA,1000,100,1.3488137362179506,0.629,0.6372745490981963,0.5882841263722806,0.6331919339337642,0.5855505252634543,0.008274549098196249,0.040715873627719446,0.004191933933764158,0.0434494747365457,0.9210692660440336,0.1
anthropic/claude-3-5-sonnet-20240620,MedQA,MedQA,1000,100,1.4697511550645983,0.831,0.7925851703406812,0.7638735577875773,0.7901358538362143,0.7615539562405659,0.03841482965931875,0.0671264422124227,0.04086414616378564,0.06944604375943408,0.9210692660440336,0.1
anthropic/claude-3-sonnet-20240229,MedQA,MedQA,1000,100,-0.6135296398121897,0.69,0.6753507014028054,0.5657059211700923,0.6670349660048802,0.5699958544231196,0.014649298597194549,0.12429407882990762,0.022965033995119732,0.12000414557688033,0.9210692660440336,0.1
cohere/command-light,MedQA,MedQA,1000,100,0.3693044300223331,0.294,0.32064128256513025,0.3286505406171436,0.3206630586797157,0.32091717148056254,0.026641282565130264,0.03465054061714362,0.02666305867971569,0.02691717148056255,0.9210692660440336,0.1
cohere/command-r-plus,MedQA,MedQA,1000,100,1.0292309406312796,0.561,0.5901803607214428,0.544783804436807,0.5864787454941853,0.5432833531588049,0.0291803607214427,0.016216195563193092,0.025478745494185273,0.017716646841195116,0.9210692660440336,0.1
google/gemini-1.5-pro-001,MedQA,MedQA,1000,100,1.7323659678631467,0.692,0.662324649298597,0.6669391410194329,0.6622055756582403,0.6608160653239035,0.029675350701402925,0.02506085898056709,0.029794424341759607,0.03118393467609648,0.9210692660440336,0.1
google/gemma-2-9b-it,MedQA,MedQA,1000,100,1.423957572895025,0.605,0.6112224448897795,0.5715560177916735,0.607941388000439,0.5696536322752802,0.0062224448897795215,0.03344398220832645,0.0029413880004389714,0.035346367724719774,0.9210692660440336,0.1
google/gemma-7b,MedQA,MedQA,1000,100,1.4148599984217862,0.52,0.5090180360721442,0.41351515740426265,0.5014449275316463,0.413071778373301,0.010981963927855776,0.10648484259573737,0.01855507246835375,0.10692822162669902,0.9210692660440336,0.1
meta/llama-2-70b,MedQA,MedQA,1000,100,0.9770935096880271,0.582,0.538076152304609,0.5018107037407804,0.5349608526925586,0.49860737435319114,0.04392384769539093,0.08018929625921956,0.04703914730744141,0.08339262564680883,0.9210692660440336,0.1
meta/llama-3.1-70b-instruct-turbo,MedQA,MedQA,1000,100,2.043871504413952,0.82,0.8156312625250499,0.7427978232987318,0.8099795920864454,0.7440283500048466,0.004368737474950035,0.07720217670126817,0.010020407913554519,0.07597164999515338,0.9210692660440336,0.1
microsoft/phi-2,MedQA,MedQA,1000,100,0.6607248111108447,0.392,0.3697394789579158,0.38481427504995336,0.37018403268809874,0.37537167959640105,0.022260521042084203,0.007185724950046657,0.021815967311901274,0.016628320403598962,0.9210692660440336,0.1
mistralai/mistral-medium-2312,MedQA,MedQA,1000,100,0.4482843540713834,0.603,0.6282565130260519,0.5263567142192443,0.6204051257802033,0.5287846488694532,0.02525651302605192,0.07664328578075563,0.017405125780203368,0.07421535113054678,0.9210692660440336,0.1
mistralai/mixtral-8x22b,MedQA,MedQA,1000,100,1.9944698627475628,0.708,0.723446893787575,0.6302304693862817,0.7161081820618628,0.6304702881246105,0.015446893787575022,0.07776953061371827,0.008108182061862812,0.07752971187538948,0.9210692660440336,0.1
mistralai/open-mistral-nemo-2407,MedQA,MedQA,1000,100,0.9106723678737295,0.571,0.5881763527054107,0.6133484574073491,0.5894671507573581,0.6045299071100554,0.017176352705410736,0.04234845740734916,0.018467150757358164,0.033529907110055435,0.9210692660440336,0.1
openai/gpt-3.5-turbo-0613,MedQA,MedQA,1000,100,1.0510286064123044,0.61,0.6082164328657313,0.5663637703374899,0.6046675180350961,0.5632540379560986,0.0017835671342686377,0.04363622966251013,0.005332481964903879,0.04674596204390136,0.9210692660440336,0.1
openai/gpt-4-turbo-2024-04-09,MedQA,MedQA,1000,100,1.8925301315394711,0.787,0.7765531062124247,0.7719343202637993,0.7756435093705127,0.7650291180734157,0.010446893787575351,0.015065679736200766,0.011356490629487292,0.021970881926584362,0.9210692660440336,0.1
tiiuae/falcon-40b,MedQA,MedQA,1000,100,0.5935147949873371,0.412,0.42685370741482964,0.4218604988536572,0.42587198315331287,0.4144159127521774,0.014853707414829664,0.009860498853657196,0.013871983153312895,0.002415912752177396,0.9210692660440336,0.1
writer/palmyra-x-004,MedQA,MedQA,1000,100,1.7727418950422569,0.778,0.7775551102204408,0.7657665563250893,0.7761469701379833,0.7597149101883074,0.00044488977955925435,0.012233443674910749,0.0018530298620167418,0.018285089811692634,0.9210692660440336,0.1
