model_name,n_seeds,simple_random_error_mean,simple_random_error_std,simple_random_prediction_mean,simple_random_prediction_std,simple_random_true_performance_mean,simple_random_true_performance_std,dataset
open-llm-leaderboard/details_deepseek-ai__deepseek-moe-16b-base,1,0.1013,0.0,0.462,0.0,0.3608,0.0,TruthfulQA
open-llm-leaderboard/details_wang7776__Mistral-7B-Instruct-v0.2-sparsity-20,1,0.0202,0.0,0.4924,0.0,0.4722,0.0,TruthfulQA
open-llm-leaderboard/details_BAAI__Aquila2-34B,1,0.0291,0.0,0.4377,0.0,0.4085,0.0,TruthfulQA
open-llm-leaderboard/details_h2m__mhm-7b-v1.3,1,0.0672,0.0,0.5294,0.0,0.4622,0.0,TruthfulQA
open-llm-leaderboard/details_AA051611__limb,1,0.0855,0.0,0.6692,0.0,0.5837,0.0,TruthfulQA
open-llm-leaderboard/details_PSanni__MPOMixtral-8x7B-Instruct-v0.1,1,0.0344,0.0,0.6996,0.0,0.6652,0.0,TruthfulQA
open-llm-leaderboard/details_Weyaxi__Bagel-Hermes-34B-Slerp,1,0.0166,0.0,0.6875,0.0,0.6709,0.0,TruthfulQA
open-llm-leaderboard/details_Weyaxi__Helion-4x34B,1,0.0019,0.0,0.641,0.0,0.6391,0.0,TruthfulQA
open-llm-leaderboard/details_diffnamehard__Psyfighter2-Noromaid-ties-Capybara-13B,1,0.0014,0.0,0.5158,0.0,0.5144,0.0,TruthfulQA
open-llm-leaderboard/details_FelixChao__WizardDolphin-7B,1,0.0328,0.0,0.56,0.0,0.5928,0.0,TruthfulQA
open-llm-leaderboard/details_umd-zhou-lab__recycled-wizardlm-7b-v2.0,1,0.0272,0.0,0.4557,0.0,0.4829,0.0,TruthfulQA
open-llm-leaderboard/details_Sao10K__Sensualize-Mixtral-bf16,1,0.0002,0.0,0.5416,0.0,0.5417,0.0,TruthfulQA
open-llm-leaderboard/details_chargoddard__mistral-11b-slimorca,1,0.0264,0.0,0.5203,0.0,0.5466,0.0,TruthfulQA
open-llm-leaderboard/details_mlabonne__NeuralMarcoro14-7B,1,0.0009,0.0,0.6555,0.0,0.6564,0.0,TruthfulQA
open-llm-leaderboard/details_gagan3012__MetaModel_moe,1,0.0089,0.0,0.7098,0.0,0.7186,0.0,TruthfulQA
open-llm-leaderboard/details_Sao10K__Sensualize-Solar-10.7B,1,0.0269,0.0,0.5632,0.0,0.5363,0.0,TruthfulQA
open-llm-leaderboard/details_Mihaiii__Pallas-0.5-LASER-0.6,1,0.0207,0.0,0.5646,0.0,0.5439,0.0,TruthfulQA
open-llm-leaderboard/details_TomGrc__FusionNet_passthrough,1,0.0529,0.0,0.7294,0.0,0.6765,0.0,TruthfulQA
open-llm-leaderboard/details_Mihaiii__Pallas-0.5-LASER-0.1,1,0.0386,0.0,0.6064,0.0,0.5678,0.0,TruthfulQA
open-llm-leaderboard/details_AdaptLLM__finance-chat,1,0.0206,0.0,0.466,0.0,0.4454,0.0,TruthfulQA
open-llm-leaderboard/details_OpenBuddy__openbuddy-mixtral-7bx8-v16.3-32k,1,0.0389,0.0,0.6028,0.0,0.5639,0.0,TruthfulQA
open-llm-leaderboard/details_Mihaiii__Pallas-0.5-LASER-0.4,1,0.042,0.0,0.5945,0.0,0.5525,0.0,TruthfulQA
open-llm-leaderboard/details_jondurbin__bagel-dpo-34b-v0.2,1,0.0075,0.0,0.6931,0.0,0.7005,0.0,TruthfulQA
open-llm-leaderboard/details_shadowml__Marcoro14-7B-ties,1,0.0154,0.0,0.62,0.0,0.6354,0.0,TruthfulQA
open-llm-leaderboard/details_kekmodel__StopCarbon-10.7B-v6,1,0.0083,0.0,0.7114,0.0,0.7196,0.0,TruthfulQA
open-llm-leaderboard/details_KnutJaegersberg__Qwen-1_8B-Llamafied,1,0.088,0.0,0.4821,0.0,0.3941,0.0,TruthfulQA
open-llm-leaderboard/details_jeonsworld__CarbonVillain-en-10.7B-v3,1,0.0057,0.0,0.7127,0.0,0.7184,0.0,TruthfulQA
open-llm-leaderboard/details_nlpguy__ColorShadow-7B,1,0.024,0.0,0.6196,0.0,0.5956,0.0,TruthfulQA
open-llm-leaderboard/details_sr5434__CodegebraGPT-10b,1,0.0677,0.0,0.5334,0.0,0.4657,0.0,TruthfulQA
open-llm-leaderboard/details_beberik__rawr,1,0.0118,0.0,0.5089,0.0,0.5207,0.0,TruthfulQA
open-llm-leaderboard/details_Undi95__Mistral-11B-v0.1,1,0.0798,0.0,0.4865,0.0,0.4067,0.0,TruthfulQA
open-llm-leaderboard/details_abdulrahman-nuzha__finetuned-Mistral-5000-v1.0,1,0.0576,0.0,0.4693,0.0,0.4117,0.0,TruthfulQA
open-llm-leaderboard/details_SanjiWatsuki__neural-chat-7b-v3-3-wizardmath-dare-me,1,0.0337,0.0,0.5924,0.0,0.626,0.0,TruthfulQA
open-llm-leaderboard/details_zyh3826__GML-Mistral-merged-v1,1,0.0037,0.0,0.6891,0.0,0.6928,0.0,TruthfulQA
open-llm-leaderboard/details_crumb__apricot-wildflower-20,1,0.0661,0.0,0.4837,0.0,0.4176,0.0,TruthfulQA
open-llm-leaderboard/details_Weyaxi__SauerkrautLM-UNA-SOLAR-Instruct,1,0.0049,0.0,0.7131,0.0,0.718,0.0,TruthfulQA
open-llm-leaderboard/details_luffycodes__vicuna-class-shishya-ac-hal-13b-ep3,1,0.0543,0.0,0.4475,0.0,0.3932,0.0,TruthfulQA
open-llm-leaderboard/details_Zangs3011__mistral_7b_DolphinCoder,1,0.04,0.0,0.4796,0.0,0.4395,0.0,TruthfulQA
open-llm-leaderboard/details_Mihaiii__Pallas-0.4,1,0.0324,0.0,0.6053,0.0,0.5729,0.0,TruthfulQA
open-llm-leaderboard/details_fblgit__UNA-SOLAR-10.7B-Instruct-v1.0,1,0.0218,0.0,0.7034,0.0,0.7252,0.0,TruthfulQA
open-llm-leaderboard/details_Mihaiii__Metis-0.3,1,0.0235,0.0,0.6991,0.0,0.6756,0.0,TruthfulQA
open-llm-leaderboard/details_Mihaiii__Metis-0.1,1,0.0242,0.0,0.4765,0.0,0.4524,0.0,TruthfulQA
open-llm-leaderboard/details_one-man-army__una-neural-chat-v3-3-P2-OMA,1,0.0076,0.0,0.6625,0.0,0.6549,0.0,TruthfulQA
open-llm-leaderboard/details_rwitz2__pee,1,0.0027,0.0,0.6029,0.0,0.6056,0.0,TruthfulQA
open-llm-leaderboard/details_mistralai__Mixtral-8x7B-v0.1,1,0.0427,0.0,0.5108,0.0,0.4681,0.0,TruthfulQA
open-llm-leaderboard/details_meta-math__MetaMath-Llemma-7B,1,0.011,0.0,0.4071,0.0,0.3961,0.0,TruthfulQA
open-llm-leaderboard/details_PulsarAI__OpenHermes-2.5-neural-chat-v3-3-Slerp,1,0.0075,0.0,0.6203,0.0,0.6278,0.0,TruthfulQA
open-llm-leaderboard/details_Intel__neural-chat-7b-v3-3,1,0.01,0.0,0.6401,0.0,0.6301,0.0,TruthfulQA
open-llm-leaderboard/details_webbigdata__ALMA-7B-Ja-V2,1,0.0732,0.0,0.4598,0.0,0.3866,0.0,TruthfulQA
open-llm-leaderboard/details_Q-bert__MetaMath-Cybertron,1,0.0072,0.0,0.5842,0.0,0.5771,0.0,TruthfulQA
open-llm-leaderboard/details_migtissera__Tess-7B-v1.4,1,0.0376,0.0,0.5564,0.0,0.5188,0.0,TruthfulQA
open-llm-leaderboard/details_mrfakename__NeuralOrca-7B-v1,1,0.009,0.0,0.5367,0.0,0.5458,0.0,TruthfulQA
open-llm-leaderboard/details_maywell__Synatra-RP-Orca-2-7b-v0.1,1,0.0378,0.0,0.4877,0.0,0.5255,0.0,TruthfulQA
open-llm-leaderboard/details_922-CA__monika-ddlc-7b-v1,1,0.0421,0.0,0.4816,0.0,0.4394,0.0,TruthfulQA
open-llm-leaderboard/details_perlthoughts__Chupacabra-7B-v2,1,0.0274,0.0,0.5443,0.0,0.5717,0.0,TruthfulQA
open-llm-leaderboard/details_Intel__neural-chat-7b-v3-1,1,0.0023,0.0,0.593,0.0,0.5954,0.0,TruthfulQA
open-llm-leaderboard/details_CobraMamba__mamba-gpt-7b-v1,1,0.0464,0.0,0.5098,0.0,0.4634,0.0,TruthfulQA
open-llm-leaderboard/details_Sao10K__Euryale-L2-70B,1,0.0056,0.0,0.5505,0.0,0.5449,0.0,TruthfulQA
open-llm-leaderboard/details_teknium__CollectiveCognition-v1-Mistral-7B,1,0.0273,0.0,0.5721,0.0,0.5448,0.0,TruthfulQA
open-llm-leaderboard/details_Undi95__ReMM-v2.1-L2-13B,1,0.0127,0.0,0.4903,0.0,0.503,0.0,TruthfulQA
open-llm-leaderboard/details_Charlie911__vicuna-7b-v1.5-lora-mixed-datasets-time-unit,1,0.0481,0.0,0.4514,0.0,0.4033,0.0,TruthfulQA
open-llm-leaderboard/details_YeungNLP__firefly-llama2-13b-pretrain,1,0.0105,0.0,0.3728,0.0,0.3624,0.0,TruthfulQA
open-llm-leaderboard/details_Envoid__Libra-19B,1,0.0088,0.0,0.4929,0.0,0.4841,0.0,TruthfulQA
open-llm-leaderboard/details_zarakiquemparte__kuchiki-l2-7b,1,0.0298,0.0,0.469,0.0,0.4988,0.0,TruthfulQA
open-llm-leaderboard/details_DevaMalla__llama_7b_qlora_pds-eval,1,0.0219,0.0,0.4341,0.0,0.456,0.0,TruthfulQA
open-llm-leaderboard/details_CHIH-HUNG__llama-2-13b-FINETUNE4_3.8w-r8-q_k_v_o,1,0.0476,0.0,0.4607,0.0,0.4131,0.0,TruthfulQA
open-llm-leaderboard/details_Brouz__Slerpeno,1,0.0186,0.0,0.4619,0.0,0.4805,0.0,TruthfulQA
open-llm-leaderboard/details_togethercomputer__Llama-2-7B-32K-Instruct,1,0.0099,0.0,0.4402,0.0,0.4501,0.0,TruthfulQA
open-llm-leaderboard/details_teknium__Mistral-Trismegistus-7B,1,0.0213,0.0,0.5149,0.0,0.4936,0.0,TruthfulQA
open-llm-leaderboard/details_TinyPixel__testmodel2,1,0.0898,0.0,0.4816,0.0,0.3917,0.0,TruthfulQA
open-llm-leaderboard/details_The-Face-Of-Goonery__Huginn-13b-v1.2,1,0.0293,0.0,0.4904,0.0,0.5197,0.0,TruthfulQA
open-llm-leaderboard/details_Charlie911__vicuna-7b-v1.5-lora-mctaco-modified1,1,0.0674,0.0,0.4661,0.0,0.3987,0.0,TruthfulQA
open-llm-leaderboard/details_NewstaR__Koss-7B-chat,1,0.0513,0.0,0.491,0.0,0.4397,0.0,TruthfulQA
open-llm-leaderboard/details_TigerResearch__tigerbot-13b-base,1,0.0086,0.0,0.4492,0.0,0.4406,0.0,TruthfulQA
open-llm-leaderboard/details_yeontaek__WizardCoder-Python-13B-LoRa,1,0.0555,0.0,0.4952,0.0,0.4397,0.0,TruthfulQA
open-llm-leaderboard/details_TheBloke__koala-13B-HF,1,0.0339,0.0,0.5362,0.0,0.5023,0.0,TruthfulQA
open-llm-leaderboard/details_TFLai__Airboros2.1-Platypus2-13B-QLora-0.80-epoch,1,0.0051,0.0,0.472,0.0,0.4771,0.0,TruthfulQA
open-llm-leaderboard/details_NousResearch__CodeLlama-34b-hf,1,0.1051,0.0,0.494,0.0,0.3889,0.0,TruthfulQA
open-llm-leaderboard/details_lmsys__vicuna-7b-v1.5,1,0.0199,0.0,0.5232,0.0,0.5034,0.0,TruthfulQA
open-llm-leaderboard/details_chargoddard__llama2-22b-blocktriangular,1,0.0469,0.0,0.4392,0.0,0.3923,0.0,TruthfulQA
open-llm-leaderboard/details_Undi95__Nous-Hermes-13B-Code,1,0.0017,0.0,0.5073,0.0,0.5056,0.0,TruthfulQA
open-llm-leaderboard/details_upstage__llama-65b-instruct,1,0.0517,0.0,0.5453,0.0,0.597,0.0,TruthfulQA
open-llm-leaderboard/details_heegyu__LIMA2-7b-hf,1,0.0056,0.0,0.453,0.0,0.4474,0.0,TruthfulQA
open-llm-leaderboard/details_CHIH-HUNG__llama-2-13b-huangyt_FINETUNE2_3w,1,0.0864,0.0,0.4681,0.0,0.3817,0.0,TruthfulQA
open-llm-leaderboard/details_davzoku__cria-llama2-7b-v1.3,1,0.0795,0.0,0.5354,0.0,0.4558,0.0,TruthfulQA
open-llm-leaderboard/details_WizardLM__WizardLM-70B-V1.0,1,0.0255,0.0,0.5732,0.0,0.5477,0.0,TruthfulQA
open-llm-leaderboard/details_The-Face-Of-Goonery__huginnv1.2,1,0.0291,0.0,0.449,0.0,0.4781,0.0,TruthfulQA
open-llm-leaderboard/details_ausboss__llama7b-wizardlm-unfiltered,1,0.0491,0.0,0.3284,0.0,0.3775,0.0,TruthfulQA
open-llm-leaderboard/details_Aspik101__StableBeluga-13B-instruct-PL-lora_unload,1,0.0212,0.0,0.4652,0.0,0.4864,0.0,TruthfulQA
open-llm-leaderboard/details_augtoma__qCammel-70x,1,0.015,0.0,0.5896,0.0,0.5747,0.0,TruthfulQA
open-llm-leaderboard/details_wenge-research__yayi-7b,1,0.071,0.0,0.508,0.0,0.437,0.0,TruthfulQA
open-llm-leaderboard/details_IGeniusDev__llama13B-quant8-testv1-openorca-customdataset,1,0.0111,0.0,0.3838,0.0,0.3727,0.0,TruthfulQA
open-llm-leaderboard/details_kingbri__chronolima-airo-grad-l2-13B,1,0.0021,0.0,0.4479,0.0,0.4458,0.0,TruthfulQA
open-llm-leaderboard/details_duliadotio__dulia-13b-8k-alpha,1,0.0233,0.0,0.4026,0.0,0.4259,0.0,TruthfulQA
open-llm-leaderboard/details_FreedomIntelligence__phoenix-inst-chat-7b,1,0.0466,0.0,0.5174,0.0,0.4708,0.0,TruthfulQA
open-llm-leaderboard/details_OpenBuddyEA__openbuddy-llama-30b-v7.1-bf16,1,0.0265,0.0,0.5522,0.0,0.5257,0.0,TruthfulQA
open-llm-leaderboard/details_totally-not-an-llm__EverythingLM-13b-V2-16k,1,0.0273,0.0,0.501,0.0,0.4737,0.0,TruthfulQA
open-llm-leaderboard/details_Sao10K__Stheno-L2-13B,1,0.0387,0.0,0.4632,0.0,0.5018,0.0,TruthfulQA
