model_name,n_seeds,simple_random_error_mean,simple_random_error_std,simple_random_prediction_mean,simple_random_prediction_std,simple_random_true_performance_mean,simple_random_true_performance_std
ai21/j2-grande,1,0.0021,0.0,0.46,0.0,0.4621,0.0
ai21/jamba-instruct,1,0.035,0.0,0.54,0.0,0.575,0.0
amazon/nova-lite-v1:0,1,0.0451,0.0,0.74,0.0,0.6949,0.0
amazon/nova-pro-v1:0,1,0.0563,0.0,0.82,0.0,0.7637,0.0
anthropic/claude-3-5-sonnet-20241022,1,0.0487,0.0,0.86,0.0,0.8113,0.0
anthropic/claude-3-haiku-20240307,1,0.0031,0.0,0.66,0.0,0.6631,0.0
anthropic/claude-instant-1.2,1,0.0132,0.0,0.62,0.0,0.6332,0.0
cohere/command,1,0.078,0.0,0.6,0.0,0.522,0.0
google/text-bison@001,1,0.0849,0.0,0.52,0.0,0.6049,0.0
meta/llama-3.1-405b-instruct-turbo,1,0.0163,0.0,0.78,0.0,0.7637,0.0
meta/llama-3.1-70b-instruct-turbo,1,0.0075,0.0,0.72,0.0,0.7125,0.0
meta/llama-3.3-70b-instruct-turbo,1,0.0163,0.0,0.72,0.0,0.7037,0.0
microsoft/phi-2,1,0.0174,0.0,0.48,0.0,0.4974,0.0
microsoft/phi-3-medium-4k-instruct,1,0.0316,0.0,0.7,0.0,0.6684,0.0
mistralai/mistral-7b-v0.1,1,0.0602,0.0,0.52,0.0,0.5802,0.0
mistralai/mistral-large-2402,1,0.078,0.0,0.72,0.0,0.642,0.0
mistralai/mistral-medium-2312,1,0.0573,0.0,0.56,0.0,0.6173,0.0
openai/gpt-4-1106-preview,1,0.0328,0.0,0.74,0.0,0.7072,0.0
openai/text-davinci-003,1,0.012,0.0,0.54,0.0,0.552,0.0
qwen/qwen1.5-110b-chat,1,0.0616,0.0,0.76,0.0,0.6984,0.0
qwen/qwen2.5-7b-instruct-turbo,1,0.0204,0.0,0.68,0.0,0.6596,0.0
upstage/solar-pro-241126,1,0.0251,0.0,0.72,0.0,0.6949,0.0
