model_name,n_seeds,simple_random_error_mean,simple_random_error_std,simple_random_prediction_mean,simple_random_prediction_std,simple_random_true_performance_mean,simple_random_true_performance_std
01-ai/yi-34b,1,0.018,0.0,0.1377,0.0,0.1557,0.0
01-ai/yi-6b,1,0.0079,0.0,0.0988,0.0,0.1067,0.0
01-ai/yi-large-preview,1,0.0256,0.0,0.1857,0.0,0.1601,0.0
AlephAlpha/luminous-extended,1,0.0284,0.0,0.1053,0.0,0.0769,0.0
ai21/j2-grande,1,0.002,0.0,0.0924,0.0,0.0943,0.0
amazon/nova-lite-v1:0,1,0.032,0.0,0.2132,0.0,0.1812,0.0
anthropic/claude-2.1,1,0.0115,0.0,0.1934,0.0,0.1819,0.0
anthropic/claude-3-haiku-20240307,1,0.0226,0.0,0.1525,0.0,0.1299,0.0
anthropic/claude-instant-1.2,1,0.0039,0.0,0.1698,0.0,0.1737,0.0
google/gemini-2.0-flash-exp,1,0.013,0.0,0.1778,0.0,0.1908,0.0
google/gemma-7b,1,0.0076,0.0,0.1782,0.0,0.1707,0.0
meta/llama-2-7b,1,0.0075,0.0,0.138,0.0,0.1305,0.0
meta/llama-3-8b,1,0.0167,0.0,0.1832,0.0,0.1664,0.0
meta/llama-3.2-11b-vision-instruct-turbo,1,0.0032,0.0,0.1551,0.0,0.1583,0.0
meta/llama-65b,1,0.0156,0.0,0.1848,0.0,0.1692,0.0
microsoft/phi-3-small-8k-instruct,1,0.0074,0.0,0.1481,0.0,0.1407,0.0
openai/gpt-4o-2024-08-06,1,0.018,0.0,0.2196,0.0,0.2016,0.0
qwen/qwen1.5-14b,1,0.0002,0.0,0.1602,0.0,0.1604,0.0
qwen/qwen2-72b-instruct,1,0.0017,0.0,0.1868,0.0,0.1851,0.0
qwen/qwen2.5-72b-instruct-turbo,1,0.0089,0.0,0.1769,0.0,0.1858,0.0
snowflake/snowflake-arctic-instruct,1,0.0267,0.0,0.1821,0.0,0.1554,0.0
tiiuae/falcon-40b,1,0.0167,0.0,0.1608,0.0,0.1441,0.0
