model_name,n_seeds,simple_random_error_mean,simple_random_error_std,simple_random_prediction_mean,simple_random_prediction_std,simple_random_true_performance_mean,simple_random_true_performance_std
AlephAlpha/luminous-extended,1,0.156,0.0,0.66,0.0,0.504,0.0
AlephAlpha/luminous-supreme,1,0.0701,0.0,0.54,0.0,0.6101,0.0
ai21/j1-grande,1,0.0451,0.0,0.9,0.0,0.8549,0.0
ai21/j1-large,1,0.0195,0.0,0.8,0.0,0.8195,0.0
ai21/j2-grande,1,0.0343,0.0,0.9,0.0,0.8657,0.0
ai21/j2-jumbo,1,0.0004,0.0,0.9,0.0,0.9004,0.0
cohere/command-medium-beta,1,0.0834,0.0,0.7,0.0,0.6166,0.0
cohere/large-20220720,1,0.0526,0.0,0.88,0.0,0.8274,0.0
cohere/medium-20220720,1,0.0825,0.0,0.28,0.0,0.3625,0.0
cohere/medium-20221108,1,0.024,0.0,0.42,0.0,0.444,0.0
cohere/small-20220720,1,0.0095,0.0,0.14,0.0,0.1495,0.0
cohere/xlarge-20220609,1,0.0441,0.0,0.86,0.0,0.8159,0.0
eleutherai/pythia-12b-v0,1,0.0149,0.0,0.82,0.0,0.8051,0.0
eleutherai/pythia-6.9b,1,0.0095,0.0,0.86,0.0,0.8505,0.0
lmsys/vicuna-13b-v1.3,1,0.0211,0.0,0.88,0.0,0.9011,0.0
meta/llama-13b,1,0.0107,0.0,0.88,0.0,0.8693,0.0
meta/llama-2-13b,1,0.0882,0.0,0.34,0.0,0.4282,0.0
meta/llama-2-70b,1,0.0685,0.0,0.66,0.0,0.7285,0.0
meta/llama-2-7b,1,0.0316,0.0,0.88,0.0,0.8484,0.0
meta/llama-30b,1,0.0497,0.0,0.86,0.0,0.9097,0.0
meta/llama-65b,1,0.0609,0.0,0.82,0.0,0.8809,0.0
meta/llama-7b,1,0.0015,0.0,0.86,0.0,0.8585,0.0
mistralai/mistral-7b-v0.1,1,0.0021,0.0,0.94,0.0,0.9379,0.0
mosaicml/mpt-instruct-30b,1,0.0609,0.0,0.82,0.0,0.8809,0.0
openai/ada,1,0.0019,0.0,0.24,0.0,0.2419,0.0
openai/babbage,1,0.0758,0.0,0.2,0.0,0.2758,0.0
openai/curie,1,0.0152,0.0,0.2,0.0,0.2152,0.0
openai/davinci,1,0.0084,0.0,0.24,0.0,0.2484,0.0
openai/gpt-3.5-turbo-0301,1,0.0226,0.0,0.98,0.0,0.9574,0.0
openai/gpt-3.5-turbo-0613,1,0.0057,0.0,0.94,0.0,0.9343,0.0
openai/text-ada-001,1,0.0116,0.0,0.86,0.0,0.8484,0.0
openai/text-curie-001,1,0.0278,0.0,0.9,0.0,0.8722,0.0
openai/text-davinci-002,1,0.0377,0.0,0.88,0.0,0.9177,0.0
stanford/alpaca-7b,1,0.0071,0.0,0.88,0.0,0.8729,0.0
tiiuae/falcon-40b-instruct,1,0.0069,0.0,0.9,0.0,0.9069,0.0
tiiuae/falcon-40b,1,0.0783,0.0,0.7,0.0,0.7783,0.0
tiiuae/falcon-7b-instruct,1,0.0095,0.0,0.86,0.0,0.8505,0.0
tiiuae/falcon-7b,1,0.0855,0.0,0.84,0.0,0.7545,0.0
together/glm,1,0.0731,0.0,0.28,0.0,0.3531,0.0
together/gpt-j-6b,1,0.0152,0.0,0.14,0.0,0.1552,0.0
together/gpt-neox-20b,1,0.0109,0.0,0.86,0.0,0.8491,0.0
together/opt-66b,1,0.0282,0.0,0.2,0.0,0.2282,0.0
together/redpajama-incite-base-7b,1,0.0693,0.0,0.8,0.0,0.7307,0.0
together/redpajama-incite-instruct-3b-v1,1,0.0087,0.0,0.86,0.0,0.8513,0.0
together/redpajama-incite-instruct-7b,1,0.0172,0.0,0.88,0.0,0.8628,0.0
together/t0pp,1,0.0,0.0,0.0,0.0,0.0,0.0
together/t5-11b,1,0.0326,0.0,0.66,0.0,0.6274,0.0
together/ul2,1,0.0198,0.0,0.84,0.0,0.8202,0.0
together/yalm,1,0.0095,0.0,0.14,0.0,0.1495,0.0
writer/palmyra-instruct-30,1,0.0119,0.0,0.7,0.0,0.7119,0.0
