model_name,n_seeds,simple_random_error_mean,simple_random_error_std,simple_random_prediction_mean,simple_random_prediction_std,simple_random_true_performance_mean,simple_random_true_performance_std,dataset
open-llm-leaderboard/details_rombodawg__Leaderboard-killer-MoE_4x7b,1,0.0803,0.0,0.9,0.0,0.8197,0.0,HellaSwag
open-llm-leaderboard/details_LoSboccacc__orthogonal-2x7B-base,1,0.0446,0.0,0.9,0.0,0.8554,0.0,HellaSwag
open-llm-leaderboard/details_Swisslex__Mixtral-Orca-v0.1,1,0.0512,0.0,0.94,0.0,0.8888,0.0,HellaSwag
open-llm-leaderboard/details_wang7776__Mistral-7B-Instruct-v0.2-sparsity-20,1,0.0129,0.0,0.78,0.0,0.7671,0.0,HellaSwag
open-llm-leaderboard/details_nfaheem__Marcoroni-7b-DPO-Merge,1,0.032,0.0,0.92,0.0,0.888,0.0,HellaSwag
open-llm-leaderboard/details_maywell__PiVoT-SUS-RP,1,0.0177,0.0,0.86,0.0,0.8423,0.0,HellaSwag
open-llm-leaderboard/details_BAAI__Aquila2-34B,1,0.001,0.0,0.82,0.0,0.819,0.0,HellaSwag
open-llm-leaderboard/details_h2m__mhm-7b-v1.3,1,0.0331,0.0,0.62,0.0,0.6531,0.0,HellaSwag
open-llm-leaderboard/details_huangyt__Mistral-7B-v0.1-Open-Platypus_2.5w-r16-gate_up_down,1,0.0681,0.0,0.9,0.0,0.8319,0.0,HellaSwag
open-llm-leaderboard/details_Locutusque__Rhino-Mistral-7B,1,0.0058,0.0,0.72,0.0,0.7142,0.0,HellaSwag
open-llm-leaderboard/details_flemmingmiguel__Distilled-HermesChat-7B,1,0.0479,0.0,0.9,0.0,0.8521,0.0,HellaSwag
open-llm-leaderboard/details_umd-zhou-lab__claude2-alpaca-13B,1,0.0179,0.0,0.86,0.0,0.8421,0.0,HellaSwag
open-llm-leaderboard/details_hywu__Camelidae-8x13B,1,0.0327,0.0,0.86,0.0,0.8273,0.0,HellaSwag
open-llm-leaderboard/details_cognitivecomputations__yayi2-30b-llama,1,0.0663,0.0,0.6,0.0,0.5337,0.0,HellaSwag
open-llm-leaderboard/details_Weyaxi__MetaMath-OpenHermes-2.5-neural-chat-v3-3-Slerp,1,0.0663,0.0,0.92,0.0,0.8537,0.0,HellaSwag
open-llm-leaderboard/details_Sao10K__Sensualize-Solar-10.7B,1,0.0145,0.0,0.86,0.0,0.8455,0.0,HellaSwag
open-llm-leaderboard/details_rombodawg__Open_Gpt4_8x7B,1,0.0323,0.0,0.9,0.0,0.8677,0.0,HellaSwag
open-llm-leaderboard/details_defog__sqlcoder-34b-alpha,1,0.0593,0.0,0.7,0.0,0.7593,0.0,HellaSwag
open-llm-leaderboard/details_Mihaiii__Pallas-0.5-LASER-0.6,1,0.044,0.0,0.86,0.0,0.816,0.0,HellaSwag
open-llm-leaderboard/details_chargoddard__mixtralmerge-8x7B-rebalanced-test,1,0.0424,0.0,0.9,0.0,0.8576,0.0,HellaSwag
open-llm-leaderboard/details_TIGER-Lab__TIGERScore-13B,1,0.0121,0.0,0.84,0.0,0.8279,0.0,HellaSwag
open-llm-leaderboard/details_Mihaiii__Pallas-0.5-LASER-0.4,1,0.0326,0.0,0.86,0.0,0.8274,0.0,HellaSwag
open-llm-leaderboard/details_OpenBuddy__openbuddy-falcon-40b-v16.1-4k,1,0.0814,0.0,0.92,0.0,0.8386,0.0,HellaSwag
open-llm-leaderboard/details_decapoda-research__Antares-11b-v1,1,0.0715,0.0,0.92,0.0,0.8485,0.0,HellaSwag
open-llm-leaderboard/details_Walmart-the-bag__Solar-10.7B-Cato,1,0.0384,0.0,0.9,0.0,0.8616,0.0,HellaSwag
open-llm-leaderboard/details_Locutusque__Orca-2-13b-SFT-v6,1,0.0446,0.0,0.76,0.0,0.8046,0.0,HellaSwag
open-llm-leaderboard/details_uukuguy__speechless-coder-ds-6.7b,1,0.0354,0.0,0.56,0.0,0.5246,0.0,HellaSwag
open-llm-leaderboard/details_beberik__rawr,1,0.0514,0.0,0.9,0.0,0.8486,0.0,HellaSwag
open-llm-leaderboard/details_Weyaxi__openchat-3.5-1210-Seraph-Slerp,1,0.0557,0.0,0.92,0.0,0.8643,0.0,HellaSwag
open-llm-leaderboard/details_liuda1__dm7b_sft_gpt88w_merge,1,0.0553,0.0,0.88,0.0,0.8247,0.0,HellaSwag
open-llm-leaderboard/details_SanjiWatsuki__Loyal-Macaroni-Maid-7B,1,0.0561,0.0,0.92,0.0,0.8639,0.0,HellaSwag
open-llm-leaderboard/details_zyh3826__GML-Mistral-merged-v1,1,0.0212,0.0,0.9,0.0,0.8788,0.0,HellaSwag
open-llm-leaderboard/details_Brillibits__Instruct_Mixtral-8x7B-v0.1_Dolly15K,1,0.0641,0.0,0.94,0.0,0.8759,0.0,HellaSwag
open-llm-leaderboard/details_Weyaxi__SauerkrautLM-UNA-SOLAR-Instruct,1,0.037,0.0,0.92,0.0,0.883,0.0,HellaSwag
open-llm-leaderboard/details_Mihaiii__Pallas-0.4,1,0.007,0.0,0.84,0.0,0.833,0.0,HellaSwag
open-llm-leaderboard/details_abhinand__tamil-llama-13b-instruct-v0.1,1,0.0465,0.0,0.84,0.0,0.7935,0.0,HellaSwag
open-llm-leaderboard/details_Open-Orca__Mixtral-SlimOrca-8x7B,1,0.0489,0.0,0.9,0.0,0.8511,0.0,HellaSwag
open-llm-leaderboard/details_microsoft__phi-2,1,0.0311,0.0,0.72,0.0,0.7511,0.0,HellaSwag
open-llm-leaderboard/details_Dans-DiscountModels__Dans-07YahooAnswers-7b,1,0.0631,0.0,0.9,0.0,0.8369,0.0,HellaSwag
open-llm-leaderboard/details_janhq__supermario-slerp,1,0.0542,0.0,0.92,0.0,0.8658,0.0,HellaSwag
open-llm-leaderboard/details_mistralai__Mixtral-8x7B-v0.1,1,0.0354,0.0,0.9,0.0,0.8646,0.0,HellaSwag
open-llm-leaderboard/details_Intel__neural-chat-7b-v3-3-Slerp,1,0.0857,0.0,0.94,0.0,0.8543,0.0,HellaSwag
open-llm-leaderboard/details_Locutusque__Orca-2-13B-no_robots,1,0.0243,0.0,0.82,0.0,0.7957,0.0,HellaSwag
open-llm-leaderboard/details_uukuguy__speechless-code-mistral-7b-v2.0,1,0.1039,0.0,0.86,0.0,0.7561,0.0,HellaSwag
open-llm-leaderboard/details_TokenBender__pic_7B_mistral_Full_v0.1,1,0.063,0.0,0.9,0.0,0.837,0.0,HellaSwag
open-llm-leaderboard/details_Mihaiii__Pallas-0.2,1,0.0053,0.0,0.84,0.0,0.8347,0.0,HellaSwag
open-llm-leaderboard/details_kyujinpy__PlatYi-34B-Llama,1,0.0065,0.0,0.86,0.0,0.8535,0.0,HellaSwag
open-llm-leaderboard/details_Q-bert__MetaMath-Cybertron,1,0.0646,0.0,0.92,0.0,0.8554,0.0,HellaSwag
open-llm-leaderboard/details_WebraftAI__synapsellm-7b-mistral-v0.3-preview,1,0.1114,0.0,0.86,0.0,0.7486,0.0,HellaSwag
open-llm-leaderboard/details_xxyyy123__Mistral7B_adaptor_v1,1,0.0619,0.0,0.9,0.0,0.8381,0.0,HellaSwag
open-llm-leaderboard/details_migtissera__Tess-M-v1.3,1,0.0205,0.0,0.86,0.0,0.8395,0.0,HellaSwag
open-llm-leaderboard/details_euclaise__Ferret-7B,1,0.0869,0.0,0.9,0.0,0.8131,0.0,HellaSwag
open-llm-leaderboard/details_maywell__Synatra-7B-v0.3-RP,1,0.0229,0.0,0.8,0.0,0.8229,0.0,HellaSwag
open-llm-leaderboard/details_jondurbin__airoboros-m-7b-3.1.2,1,0.0449,0.0,0.88,0.0,0.8351,0.0,HellaSwag
open-llm-leaderboard/details_luffycodes__llama-shishya-7b-ep3-v1,1,0.0537,0.0,0.82,0.0,0.7663,0.0,HellaSwag
open-llm-leaderboard/details_teknium__CollectiveCognition-v1-Mistral-7B,1,0.045,0.0,0.9,0.0,0.855,0.0,HellaSwag
open-llm-leaderboard/details_glaiveai__glaive-coder-7b,1,0.0069,0.0,0.64,0.0,0.6469,0.0,HellaSwag
open-llm-leaderboard/details_LTC-AI-Labs__L2-7b-Beluga-WVG-Test,1,0.0362,0.0,0.82,0.0,0.7838,0.0,HellaSwag
open-llm-leaderboard/details_YeungNLP__firefly-llama2-13b-pretrain,1,0.009,0.0,0.8,0.0,0.791,0.0,HellaSwag
open-llm-leaderboard/details_migtissera__SynthIA-7B-v1.3,1,0.0455,0.0,0.88,0.0,0.8345,0.0,HellaSwag
open-llm-leaderboard/details_PygmalionAI__pygmalion-2-7b,1,0.0377,0.0,0.82,0.0,0.7823,0.0,HellaSwag
open-llm-leaderboard/details_zarakiquemparte__kuchiki-l2-7b,1,0.0156,0.0,0.8,0.0,0.7844,0.0,HellaSwag
open-llm-leaderboard/details_PocketDoc__Dans-RetroRodeo-13b,1,0.0037,0.0,0.8,0.0,0.7963,0.0,HellaSwag
open-llm-leaderboard/details_jondurbin__airoboros-c34b-2.2.1,1,0.0684,0.0,0.7,0.0,0.7684,0.0,HellaSwag
open-llm-leaderboard/details_BELLE-2__BELLE-Llama2-13B-chat-0.4M,1,0.0169,0.0,0.84,0.0,0.8231,0.0,HellaSwag
open-llm-leaderboard/details_DevaMalla__llama_7b_lora,1,0.009,0.0,0.8,0.0,0.791,0.0,HellaSwag
open-llm-leaderboard/details_akjindal53244__Mistral-7B-v0.1-Open-Platypus,1,0.0492,0.0,0.9,0.0,0.8508,0.0,HellaSwag
open-llm-leaderboard/details_TinyPixel__testmodel2,1,0.0322,0.0,0.82,0.0,0.7878,0.0,HellaSwag
open-llm-leaderboard/details_The-Face-Of-Goonery__Huginn-13b-v1.2,1,0.0044,0.0,0.84,0.0,0.8356,0.0,HellaSwag
open-llm-leaderboard/details_TheBloke__robin-65b-v2-fp16,1,0.074,0.0,0.92,0.0,0.846,0.0,HellaSwag
open-llm-leaderboard/details_yeontaek__WizardCoder-Python-13B-LoRa,1,0.036,0.0,0.66,0.0,0.696,0.0,HellaSwag
open-llm-leaderboard/details_TheBloke__koala-13B-HF,1,0.0641,0.0,0.84,0.0,0.7759,0.0,HellaSwag
open-llm-leaderboard/details_jondurbin__airoboros-7b,1,0.0435,0.0,0.82,0.0,0.7765,0.0,HellaSwag
open-llm-leaderboard/details_TFLai__Airboros2.1-Platypus2-13B-QLora-0.80-epoch,1,0.0354,0.0,0.86,0.0,0.8246,0.0,HellaSwag
open-llm-leaderboard/details_jondurbin__airoboros-7b-gpt4-1.4.1-qlora,1,0.0611,0.0,0.84,0.0,0.7789,0.0,HellaSwag
open-llm-leaderboard/details_ehartford__Samantha-1.11-CodeLlama-34b,1,0.0547,0.0,0.7,0.0,0.7547,0.0,HellaSwag
open-llm-leaderboard/details_jondurbin__airoboros-33b-gpt4-m2.0,1,0.0481,0.0,0.9,0.0,0.8519,0.0,HellaSwag
open-llm-leaderboard/details_psmathur__orca_mini_v3_7b,1,0.0836,0.0,0.88,0.0,0.7964,0.0,HellaSwag
open-llm-leaderboard/details_chargoddard__llama2-22b-blocktriangular,1,0.0331,0.0,0.86,0.0,0.8269,0.0,HellaSwag
open-llm-leaderboard/details_The-Face-Of-Goonery__Huginn-13b-FP16,1,0.0547,0.0,0.88,0.0,0.8253,0.0,HellaSwag
open-llm-leaderboard/details_upstage__llama-65b-instruct,1,0.0357,0.0,0.9,0.0,0.8643,0.0,HellaSwag
open-llm-leaderboard/details_OpenAssistant__llama2-70b-oasst-sft-v10,1,0.0162,0.0,0.88,0.0,0.8638,0.0,HellaSwag
open-llm-leaderboard/details_WizardLM__WizardMath-7B-V1.0,1,0.0045,0.0,0.8,0.0,0.7955,0.0,HellaSwag
open-llm-leaderboard/details_openlm-research__open_llama_7b,1,0.0383,0.0,0.64,0.0,0.6783,0.0,HellaSwag
open-llm-leaderboard/details_davzoku__cria-llama2-7b-v1.3,1,0.0258,0.0,0.76,0.0,0.7858,0.0,HellaSwag
open-llm-leaderboard/details_stabilityai__StableBeluga-13B,1,0.0373,0.0,0.86,0.0,0.8227,0.0,HellaSwag
open-llm-leaderboard/details_xzuyn__Alpacino-SuperCOT-13B,1,0.0169,0.0,0.8,0.0,0.8169,0.0,HellaSwag
open-llm-leaderboard/details_mosaicml__mpt-30b-chat,1,0.0559,0.0,0.88,0.0,0.8241,0.0,HellaSwag
open-llm-leaderboard/details_Aeala__GPT4-x-Alpasta-13b,1,0.0008,0.0,0.8,0.0,0.7992,0.0,HellaSwag
open-llm-leaderboard/details_wahaha1987__llama_13b_sharegpt94k_fastchat,1,0.0147,0.0,0.78,0.0,0.7947,0.0,HellaSwag
open-llm-leaderboard/details_Austism__chronos-hermes-13b-v2,1,0.0279,0.0,0.86,0.0,0.8321,0.0,HellaSwag
open-llm-leaderboard/details_wenge-research__yayi-7b,1,0.0828,0.0,0.7,0.0,0.6172,0.0,HellaSwag
open-llm-leaderboard/details_ashercn97__giraffe-7b,1,0.0153,0.0,0.74,0.0,0.7553,0.0,HellaSwag
open-llm-leaderboard/details_lilloukas__Platypus-30B,1,0.0576,0.0,0.9,0.0,0.8424,0.0,HellaSwag
open-llm-leaderboard/details_totally-not-an-llm__EverythingLM-13b-V2-16k,1,0.0312,0.0,0.84,0.0,0.8088,0.0,HellaSwag
open-llm-leaderboard/details_fireballoon__baichuan-vicuna-chinese-7b,1,0.0088,0.0,0.72,0.0,0.7112,0.0,HellaSwag
open-llm-leaderboard/details_shareAI__bimoGPT-llama2-13b,1,0.0392,0.0,0.86,0.0,0.8208,0.0,HellaSwag
open-llm-leaderboard/details_bongchoi__test-llama2-7b,1,0.0343,0.0,0.82,0.0,0.7857,0.0,HellaSwag
open-llm-leaderboard/details_rombodawg__Leaderboard-killer-MoE_4x7b,1,0.0583,0.0,0.68,0.0,0.6217,0.0,GSM8K
open-llm-leaderboard/details_LoSboccacc__orthogonal-2x7B-base,1,0.092,0.0,0.6,0.0,0.508,0.0,GSM8K
open-llm-leaderboard/details_Swisslex__Mixtral-Orca-v0.1,1,0.027,0.0,0.4,0.0,0.373,0.0,GSM8K
open-llm-leaderboard/details_wang7776__Mistral-7B-Instruct-v0.2-sparsity-20,1,0.013,0.0,0.1,0.0,0.113,0.0,GSM8K
open-llm-leaderboard/details_nfaheem__Marcoroni-7b-DPO-Merge,1,0.0437,0.0,0.72,0.0,0.6763,0.0,GSM8K
open-llm-leaderboard/details_maywell__PiVoT-SUS-RP,1,0.0949,0.0,0.8,0.0,0.7051,0.0,GSM8K
open-llm-leaderboard/details_BAAI__Aquila2-34B,1,0.0139,0.0,0.02,0.0,0.0061,0.0,GSM8K
open-llm-leaderboard/details_h2m__mhm-7b-v1.3,1,0.0468,0.0,0.12,0.0,0.1668,0.0,GSM8K
open-llm-leaderboard/details_huangyt__Mistral-7B-v0.1-Open-Platypus_2.5w-r16-gate_up_down,1,0.0288,0.0,0.42,0.0,0.3912,0.0,GSM8K
open-llm-leaderboard/details_Locutusque__Rhino-Mistral-7B,1,0.0214,0.0,0.2,0.0,0.2214,0.0,GSM8K
open-llm-leaderboard/details_flemmingmiguel__Distilled-HermesChat-7B,1,0.1268,0.0,0.8,0.0,0.6732,0.0,GSM8K
open-llm-leaderboard/details_umd-zhou-lab__claude2-alpaca-13B,1,0.0228,0.0,0.26,0.0,0.2828,0.0,GSM8K
open-llm-leaderboard/details_hywu__Camelidae-8x13B,1,0.0343,0.0,0.38,0.0,0.3457,0.0,GSM8K
open-llm-leaderboard/details_cognitivecomputations__yayi2-30b-llama,1,0.0112,0.0,0.2,0.0,0.1888,0.0,GSM8K
open-llm-leaderboard/details_Weyaxi__MetaMath-OpenHermes-2.5-neural-chat-v3-3-Slerp,1,0.0296,0.0,0.74,0.0,0.7104,0.0,GSM8K
open-llm-leaderboard/details_Sao10K__Sensualize-Solar-10.7B,1,0.0344,0.0,0.6,0.0,0.5656,0.0,GSM8K
open-llm-leaderboard/details_rombodawg__Open_Gpt4_8x7B,1,0.1079,0.0,0.7,0.0,0.5921,0.0,GSM8K
open-llm-leaderboard/details_defog__sqlcoder-34b-alpha,1,0.0513,0.0,0.4,0.0,0.3487,0.0,GSM8K
open-llm-leaderboard/details_Mihaiii__Pallas-0.5-LASER-0.6,1,0.054,0.0,0.54,0.0,0.486,0.0,GSM8K
open-llm-leaderboard/details_chargoddard__mixtralmerge-8x7B-rebalanced-test,1,0.0023,0.0,0.58,0.0,0.5823,0.0,GSM8K
open-llm-leaderboard/details_TIGER-Lab__TIGERScore-13B,1,0.0273,0.0,0.26,0.0,0.2873,0.0,GSM8K
open-llm-leaderboard/details_Mihaiii__Pallas-0.5-LASER-0.4,1,0.0145,0.0,0.52,0.0,0.5345,0.0,GSM8K
open-llm-leaderboard/details_OpenBuddy__openbuddy-falcon-40b-v16.1-4k,1,0.0123,0.0,0.38,0.0,0.3677,0.0,GSM8K
open-llm-leaderboard/details_decapoda-research__Antares-11b-v1,1,0.097,0.0,0.68,0.0,0.583,0.0,GSM8K
open-llm-leaderboard/details_Walmart-the-bag__Solar-10.7B-Cato,1,0.0059,0.0,0.64,0.0,0.6459,0.0,GSM8K
open-llm-leaderboard/details_Locutusque__Orca-2-13b-SFT-v6,1,0.0492,0.0,0.1,0.0,0.0508,0.0,GSM8K
open-llm-leaderboard/details_uukuguy__speechless-coder-ds-6.7b,1,0.0073,0.0,0.18,0.0,0.1873,0.0,GSM8K
open-llm-leaderboard/details_beberik__rawr,1,0.0393,0.0,0.62,0.0,0.5807,0.0,GSM8K
open-llm-leaderboard/details_Weyaxi__openchat-3.5-1210-Seraph-Slerp,1,0.1175,0.0,0.84,0.0,0.7225,0.0,GSM8K
open-llm-leaderboard/details_liuda1__dm7b_sft_gpt88w_merge,1,0.0192,0.0,0.44,0.0,0.4208,0.0,GSM8K
open-llm-leaderboard/details_SanjiWatsuki__Loyal-Macaroni-Maid-7B,1,0.0354,0.0,0.72,0.0,0.6846,0.0,GSM8K
open-llm-leaderboard/details_zyh3826__GML-Mistral-merged-v1,1,0.0503,0.0,0.7,0.0,0.6497,0.0,GSM8K
open-llm-leaderboard/details_Brillibits__Instruct_Mixtral-8x7B-v0.1_Dolly15K,1,0.0144,0.0,0.58,0.0,0.5944,0.0,GSM8K
open-llm-leaderboard/details_Weyaxi__SauerkrautLM-UNA-SOLAR-Instruct,1,0.0533,0.0,0.7,0.0,0.6467,0.0,GSM8K
open-llm-leaderboard/details_Mihaiii__Pallas-0.4,1,0.0373,0.0,0.64,0.0,0.6027,0.0,GSM8K
open-llm-leaderboard/details_abhinand__tamil-llama-13b-instruct-v0.1,1,0.0351,0.0,0.04,0.0,0.0751,0.0,GSM8K
open-llm-leaderboard/details_Open-Orca__Mixtral-SlimOrca-8x7B,1,0.0244,0.0,0.48,0.0,0.4556,0.0,GSM8K
open-llm-leaderboard/details_microsoft__phi-2,1,0.1481,0.0,0.4,0.0,0.5481,0.0,GSM8K
open-llm-leaderboard/details_Dans-DiscountModels__Dans-07YahooAnswers-7b,1,0.113,0.0,0.26,0.0,0.373,0.0,GSM8K
open-llm-leaderboard/details_janhq__supermario-slerp,1,0.059,0.0,0.78,0.0,0.721,0.0,GSM8K
open-llm-leaderboard/details_mistralai__Mixtral-8x7B-v0.1,1,0.0438,0.0,0.62,0.0,0.5762,0.0,GSM8K
open-llm-leaderboard/details_Intel__neural-chat-7b-v3-3-Slerp,1,0.0202,0.0,0.72,0.0,0.6998,0.0,GSM8K
open-llm-leaderboard/details_Locutusque__Orca-2-13B-no_robots,1,0.0329,0.0,0.24,0.0,0.2729,0.0,GSM8K
open-llm-leaderboard/details_uukuguy__speechless-code-mistral-7b-v2.0,1,0.0437,0.0,0.4,0.0,0.3563,0.0,GSM8K
open-llm-leaderboard/details_TokenBender__pic_7B_mistral_Full_v0.1,1,0.0069,0.0,0.52,0.0,0.5269,0.0,GSM8K
open-llm-leaderboard/details_Mihaiii__Pallas-0.2,1,0.073,0.0,0.7,0.0,0.627,0.0,GSM8K
open-llm-leaderboard/details_kyujinpy__PlatYi-34B-Llama,1,0.0846,0.0,0.34,0.0,0.4246,0.0,GSM8K
open-llm-leaderboard/details_Q-bert__MetaMath-Cybertron,1,0.0149,0.0,0.72,0.0,0.7051,0.0,GSM8K
open-llm-leaderboard/details_WebraftAI__synapsellm-7b-mistral-v0.3-preview,1,0.0304,0.0,0.32,0.0,0.2896,0.0,GSM8K
open-llm-leaderboard/details_xxyyy123__Mistral7B_adaptor_v1,1,0.0076,0.0,0.42,0.0,0.4124,0.0,GSM8K
open-llm-leaderboard/details_migtissera__Tess-M-v1.3,1,0.0121,0.0,0.58,0.0,0.5921,0.0,GSM8K
open-llm-leaderboard/details_euclaise__Ferret-7B,1,0.0205,0.0,0.0,0.0,0.0205,0.0,GSM8K
open-llm-leaderboard/details_maywell__Synatra-7B-v0.3-RP,1,0.0885,0.0,0.3,0.0,0.2115,0.0,GSM8K
open-llm-leaderboard/details_jondurbin__airoboros-m-7b-3.1.2,1,0.0013,0.0,0.14,0.0,0.1387,0.0,GSM8K
open-llm-leaderboard/details_luffycodes__llama-shishya-7b-ep3-v1,1,0.0,0.0,0.0,0.0,0.0,0.0,GSM8K
open-llm-leaderboard/details_teknium__CollectiveCognition-v1-Mistral-7B,1,0.0411,0.0,0.22,0.0,0.1789,0.0,GSM8K
open-llm-leaderboard/details_glaiveai__glaive-coder-7b,1,0.0323,0.0,0.02,0.0,0.0523,0.0,GSM8K
open-llm-leaderboard/details_LTC-AI-Labs__L2-7b-Beluga-WVG-Test,1,0.0388,0.0,0.04,0.0,0.0788,0.0,GSM8K
open-llm-leaderboard/details_YeungNLP__firefly-llama2-13b-pretrain,1,0.0143,0.0,0.1,0.0,0.0857,0.0,GSM8K
open-llm-leaderboard/details_migtissera__SynthIA-7B-v1.3,1,0.0641,0.0,0.24,0.0,0.1759,0.0,GSM8K
open-llm-leaderboard/details_PygmalionAI__pygmalion-2-7b,1,0.0237,0.0,0.04,0.0,0.0637,0.0,GSM8K
open-llm-leaderboard/details_zarakiquemparte__kuchiki-l2-7b,1,0.0047,0.0,0.04,0.0,0.0447,0.0,GSM8K
open-llm-leaderboard/details_PocketDoc__Dans-RetroRodeo-13b,1,0.0,0.0,0.0,0.0,0.0,0.0,GSM8K
open-llm-leaderboard/details_jondurbin__airoboros-c34b-2.2.1,1,0.0202,0.0,0.18,0.0,0.2002,0.0,GSM8K
open-llm-leaderboard/details_BELLE-2__BELLE-Llama2-13B-chat-0.4M,1,0.076,0.0,0.22,0.0,0.144,0.0,GSM8K
open-llm-leaderboard/details_DevaMalla__llama_7b_lora,1,0.0153,0.0,0.04,0.0,0.0553,0.0,GSM8K
open-llm-leaderboard/details_akjindal53244__Mistral-7B-v0.1-Open-Platypus,1,0.0471,0.0,0.22,0.0,0.1729,0.0,GSM8K
open-llm-leaderboard/details_TinyPixel__testmodel2,1,0.0566,0.0,0.02,0.0,0.0766,0.0,GSM8K
open-llm-leaderboard/details_The-Face-Of-Goonery__Huginn-13b-v1.2,1,0.0117,0.0,0.08,0.0,0.0917,0.0,GSM8K
open-llm-leaderboard/details_TheBloke__robin-65b-v2-fp16,1,0.0499,0.0,0.22,0.0,0.2699,0.0,GSM8K
open-llm-leaderboard/details_yeontaek__WizardCoder-Python-13B-LoRa,1,0.0581,0.0,0.02,0.0,0.0781,0.0,GSM8K
open-llm-leaderboard/details_TheBloke__koala-13B-HF,1,0.0482,0.0,0.02,0.0,0.0682,0.0,GSM8K
open-llm-leaderboard/details_jondurbin__airoboros-7b,1,0.0212,0.0,0.0,0.0,0.0212,0.0,GSM8K
open-llm-leaderboard/details_TFLai__Airboros2.1-Platypus2-13B-QLora-0.80-epoch,1,0.0,0.0,0.0,0.0,0.0,0.0,GSM8K
open-llm-leaderboard/details_jondurbin__airoboros-7b-gpt4-1.4.1-qlora,1,0.0227,0.0,0.0,0.0,0.0227,0.0,GSM8K
open-llm-leaderboard/details_ehartford__Samantha-1.11-CodeLlama-34b,1,0.0733,0.0,0.12,0.0,0.1933,0.0,GSM8K
open-llm-leaderboard/details_jondurbin__airoboros-33b-gpt4-m2.0,1,0.0237,0.0,0.12,0.0,0.0963,0.0,GSM8K
open-llm-leaderboard/details_psmathur__orca_mini_v3_7b,1,0.0313,0.0,0.04,0.0,0.0713,0.0,GSM8K
open-llm-leaderboard/details_chargoddard__llama2-22b-blocktriangular,1,0.0522,0.0,0.06,0.0,0.1122,0.0,GSM8K
open-llm-leaderboard/details_The-Face-Of-Goonery__Huginn-13b-FP16,1,0.0568,0.0,0.1,0.0,0.0432,0.0,GSM8K
open-llm-leaderboard/details_upstage__llama-65b-instruct,1,0.0177,0.0,0.28,0.0,0.2623,0.0,GSM8K
open-llm-leaderboard/details_OpenAssistant__llama2-70b-oasst-sft-v10,1,0.0322,0.0,0.24,0.0,0.2722,0.0,GSM8K
open-llm-leaderboard/details_WizardLM__WizardMath-7B-V1.0,1,0.0073,0.0,0.02,0.0,0.0273,0.0,GSM8K
open-llm-leaderboard/details_openlm-research__open_llama_7b,1,0.0159,0.0,0.0,0.0,0.0159,0.0,GSM8K
open-llm-leaderboard/details_davzoku__cria-llama2-7b-v1.3,1,0.0449,0.0,0.04,0.0,0.0849,0.0,GSM8K
open-llm-leaderboard/details_stabilityai__StableBeluga-13B,1,0.018,0.0,0.12,0.0,0.138,0.0,GSM8K
open-llm-leaderboard/details_xzuyn__Alpacino-SuperCOT-13B,1,0.0351,0.0,0.04,0.0,0.0751,0.0,GSM8K
open-llm-leaderboard/details_mosaicml__mpt-30b-chat,1,0.0187,0.0,0.14,0.0,0.1213,0.0,GSM8K
open-llm-leaderboard/details_Aeala__GPT4-x-Alpasta-13b,1,0.0321,0.0,0.12,0.0,0.0879,0.0,GSM8K
open-llm-leaderboard/details_wahaha1987__llama_13b_sharegpt94k_fastchat,1,0.0042,0.0,0.08,0.0,0.0842,0.0,GSM8K
open-llm-leaderboard/details_Austism__chronos-hermes-13b-v2,1,0.0225,0.0,0.14,0.0,0.1175,0.0,GSM8K
open-llm-leaderboard/details_wenge-research__yayi-7b,1,0.0109,0.0,0.02,0.0,0.0091,0.0,GSM8K
open-llm-leaderboard/details_ashercn97__giraffe-7b,1,0.0265,0.0,0.0,0.0,0.0265,0.0,GSM8K
open-llm-leaderboard/details_lilloukas__Platypus-30B,1,0.016,0.0,0.16,0.0,0.144,0.0,GSM8K
open-llm-leaderboard/details_totally-not-an-llm__EverythingLM-13b-V2-16k,1,0.0282,0.0,0.04,0.0,0.0682,0.0,GSM8K
open-llm-leaderboard/details_fireballoon__baichuan-vicuna-chinese-7b,1,0.0047,0.0,0.06,0.0,0.0553,0.0,GSM8K
open-llm-leaderboard/details_shareAI__bimoGPT-llama2-13b,1,0.007,0.0,0.12,0.0,0.113,0.0,GSM8K
open-llm-leaderboard/details_bongchoi__test-llama2-7b,1,0.0513,0.0,0.02,0.0,0.0713,0.0,GSM8K
open-llm-leaderboard/details_rombodawg__Leaderboard-killer-MoE_4x7b,1,0.0663,0.0,0.82,0.0,0.7537,0.0,Winogrande
open-llm-leaderboard/details_LoSboccacc__orthogonal-2x7B-base,1,0.0097,0.0,0.78,0.0,0.7703,0.0,Winogrande
open-llm-leaderboard/details_Swisslex__Mixtral-Orca-v0.1,1,0.0114,0.0,0.8,0.0,0.8114,0.0,Winogrande
open-llm-leaderboard/details_wang7776__Mistral-7B-Instruct-v0.2-sparsity-20,1,0.0306,0.0,0.66,0.0,0.6906,0.0,Winogrande
open-llm-leaderboard/details_nfaheem__Marcoroni-7b-DPO-Merge,1,0.0076,0.0,0.86,0.0,0.8524,0.0,Winogrande
open-llm-leaderboard/details_maywell__PiVoT-SUS-RP,1,0.0465,0.0,0.88,0.0,0.8335,0.0,Winogrande
open-llm-leaderboard/details_BAAI__Aquila2-34B,1,0.0553,0.0,0.7,0.0,0.7553,0.0,Winogrande
open-llm-leaderboard/details_h2m__mhm-7b-v1.3,1,0.1627,0.0,0.46,0.0,0.6227,0.0,Winogrande
open-llm-leaderboard/details_huangyt__Mistral-7B-v0.1-Open-Platypus_2.5w-r16-gate_up_down,1,0.0265,0.0,0.8,0.0,0.7735,0.0,Winogrande
open-llm-leaderboard/details_Locutusque__Rhino-Mistral-7B,1,0.0089,0.0,0.72,0.0,0.7111,0.0,Winogrande
open-llm-leaderboard/details_flemmingmiguel__Distilled-HermesChat-7B,1,0.0389,0.0,0.84,0.0,0.8011,0.0,Winogrande
open-llm-leaderboard/details_umd-zhou-lab__claude2-alpaca-13B,1,0.092,0.0,0.86,0.0,0.768,0.0,Winogrande
open-llm-leaderboard/details_hywu__Camelidae-8x13B,1,0.0065,0.0,0.78,0.0,0.7735,0.0,Winogrande
open-llm-leaderboard/details_cognitivecomputations__yayi2-30b-llama,1,0.0714,0.0,0.56,0.0,0.6314,0.0,Winogrande
open-llm-leaderboard/details_Weyaxi__MetaMath-OpenHermes-2.5-neural-chat-v3-3-Slerp,1,0.0692,0.0,0.86,0.0,0.7908,0.0,Winogrande
open-llm-leaderboard/details_Sao10K__Sensualize-Solar-10.7B,1,0.0402,0.0,0.88,0.0,0.8398,0.0,Winogrande
open-llm-leaderboard/details_rombodawg__Open_Gpt4_8x7B,1,0.0577,0.0,0.76,0.0,0.8177,0.0,Winogrande
open-llm-leaderboard/details_defog__sqlcoder-34b-alpha,1,0.0748,0.0,0.66,0.0,0.7348,0.0,Winogrande
open-llm-leaderboard/details_Mihaiii__Pallas-0.5-LASER-0.6,1,0.0045,0.0,0.78,0.0,0.7845,0.0,Winogrande
open-llm-leaderboard/details_chargoddard__mixtralmerge-8x7B-rebalanced-test,1,0.0129,0.0,0.8,0.0,0.8129,0.0,Winogrande
open-llm-leaderboard/details_TIGER-Lab__TIGERScore-13B,1,0.0526,0.0,0.8,0.0,0.7474,0.0,Winogrande
open-llm-leaderboard/details_Mihaiii__Pallas-0.5-LASER-0.4,1,0.0542,0.0,0.86,0.0,0.8058,0.0,Winogrande
open-llm-leaderboard/details_OpenBuddy__openbuddy-falcon-40b-v16.1-4k,1,0.0218,0.0,0.8,0.0,0.7782,0.0,Winogrande
open-llm-leaderboard/details_decapoda-research__Antares-11b-v1,1,0.0305,0.0,0.86,0.0,0.8295,0.0,Winogrande
open-llm-leaderboard/details_Walmart-the-bag__Solar-10.7B-Cato,1,0.0278,0.0,0.84,0.0,0.8122,0.0,Winogrande
open-llm-leaderboard/details_Locutusque__Orca-2-13b-SFT-v6,1,0.0257,0.0,0.8,0.0,0.7743,0.0,Winogrande
open-llm-leaderboard/details_uukuguy__speechless-coder-ds-6.7b,1,0.0888,0.0,0.5,0.0,0.5888,0.0,Winogrande
open-llm-leaderboard/details_beberik__rawr,1,0.0444,0.0,0.84,0.0,0.7956,0.0,Winogrande
open-llm-leaderboard/details_Weyaxi__openchat-3.5-1210-Seraph-Slerp,1,0.0718,0.0,0.88,0.0,0.8082,0.0,Winogrande
open-llm-leaderboard/details_liuda1__dm7b_sft_gpt88w_merge,1,0.0242,0.0,0.8,0.0,0.7758,0.0,Winogrande
open-llm-leaderboard/details_SanjiWatsuki__Loyal-Macaroni-Maid-7B,1,0.0813,0.0,0.88,0.0,0.7987,0.0,Winogrande
open-llm-leaderboard/details_zyh3826__GML-Mistral-merged-v1,1,0.0502,0.0,0.86,0.0,0.8098,0.0,Winogrande
open-llm-leaderboard/details_Brillibits__Instruct_Mixtral-8x7B-v0.1_Dolly15K,1,0.0656,0.0,0.76,0.0,0.8256,0.0,Winogrande
open-llm-leaderboard/details_Weyaxi__SauerkrautLM-UNA-SOLAR-Instruct,1,0.0374,0.0,0.8,0.0,0.8374,0.0,Winogrande
open-llm-leaderboard/details_Mihaiii__Pallas-0.4,1,0.0542,0.0,0.86,0.0,0.8058,0.0,Winogrande
open-llm-leaderboard/details_abhinand__tamil-llama-13b-instruct-v0.1,1,0.0056,0.0,0.76,0.0,0.7656,0.0,Winogrande
open-llm-leaderboard/details_Open-Orca__Mixtral-SlimOrca-8x7B,1,0.0251,0.0,0.78,0.0,0.8051,0.0,Winogrande
open-llm-leaderboard/details_microsoft__phi-2,1,0.0035,0.0,0.74,0.0,0.7435,0.0,Winogrande
open-llm-leaderboard/details_Dans-DiscountModels__Dans-07YahooAnswers-7b,1,0.0347,0.0,0.82,0.0,0.7853,0.0,Winogrande
open-llm-leaderboard/details_janhq__supermario-slerp,1,0.0671,0.0,0.88,0.0,0.8129,0.0,Winogrande
open-llm-leaderboard/details_mistralai__Mixtral-8x7B-v0.1,1,0.0169,0.0,0.8,0.0,0.8169,0.0,Winogrande
open-llm-leaderboard/details_Intel__neural-chat-7b-v3-3-Slerp,1,0.0828,0.0,0.88,0.0,0.7972,0.0,Winogrande
open-llm-leaderboard/details_Locutusque__Orca-2-13B-no_robots,1,0.0365,0.0,0.84,0.0,0.8035,0.0,Winogrande
open-llm-leaderboard/details_uukuguy__speechless-code-mistral-7b-v2.0,1,0.1135,0.0,0.6,0.0,0.7135,0.0,Winogrande
open-llm-leaderboard/details_TokenBender__pic_7B_mistral_Full_v0.1,1,0.019,0.0,0.76,0.0,0.779,0.0,Winogrande
open-llm-leaderboard/details_Mihaiii__Pallas-0.2,1,0.0463,0.0,0.86,0.0,0.8137,0.0,Winogrande
open-llm-leaderboard/details_kyujinpy__PlatYi-34B-Llama,1,0.0087,0.0,0.82,0.0,0.8287,0.0,Winogrande
open-llm-leaderboard/details_Q-bert__MetaMath-Cybertron,1,0.0436,0.0,0.84,0.0,0.7964,0.0,Winogrande
open-llm-leaderboard/details_WebraftAI__synapsellm-7b-mistral-v0.3-preview,1,0.0459,0.0,0.7,0.0,0.7459,0.0,Winogrande
open-llm-leaderboard/details_xxyyy123__Mistral7B_adaptor_v1,1,0.0284,0.0,0.82,0.0,0.7916,0.0,Winogrande
open-llm-leaderboard/details_migtissera__Tess-M-v1.3,1,0.0114,0.0,0.8,0.0,0.8114,0.0,Winogrande
open-llm-leaderboard/details_euclaise__Ferret-7B,1,0.0166,0.0,0.76,0.0,0.7766,0.0,Winogrande
open-llm-leaderboard/details_maywell__Synatra-7B-v0.3-RP,1,0.0152,0.0,0.78,0.0,0.7648,0.0,Winogrande
open-llm-leaderboard/details_jondurbin__airoboros-m-7b-3.1.2,1,0.0442,0.0,0.82,0.0,0.7758,0.0,Winogrande
open-llm-leaderboard/details_luffycodes__llama-shishya-7b-ep3-v1,1,0.0346,0.0,0.66,0.0,0.6946,0.0,Winogrande
open-llm-leaderboard/details_teknium__CollectiveCognition-v1-Mistral-7B,1,0.0642,0.0,0.84,0.0,0.7758,0.0,Winogrande
open-llm-leaderboard/details_glaiveai__glaive-coder-7b,1,0.0225,0.0,0.62,0.0,0.5975,0.0,Winogrande
open-llm-leaderboard/details_LTC-AI-Labs__L2-7b-Beluga-WVG-Test,1,0.031,0.0,0.78,0.0,0.749,0.0,Winogrande
open-llm-leaderboard/details_YeungNLP__firefly-llama2-13b-pretrain,1,0.0553,0.0,0.7,0.0,0.7553,0.0,Winogrande
open-llm-leaderboard/details_migtissera__SynthIA-7B-v1.3,1,0.0115,0.0,0.8,0.0,0.7885,0.0,Winogrande
open-llm-leaderboard/details_PygmalionAI__pygmalion-2-7b,1,0.0086,0.0,0.76,0.0,0.7514,0.0,Winogrande
open-llm-leaderboard/details_zarakiquemparte__kuchiki-l2-7b,1,0.0109,0.0,0.72,0.0,0.7309,0.0,Winogrande
open-llm-leaderboard/details_PocketDoc__Dans-RetroRodeo-13b,1,0.062,0.0,0.8,0.0,0.738,0.0,Winogrande
open-llm-leaderboard/details_jondurbin__airoboros-c34b-2.2.1,1,0.0053,0.0,0.72,0.0,0.7253,0.0,Winogrande
open-llm-leaderboard/details_BELLE-2__BELLE-Llama2-13B-chat-0.4M,1,0.1247,0.0,0.88,0.0,0.7553,0.0,Winogrande
open-llm-leaderboard/details_DevaMalla__llama_7b_lora,1,0.0477,0.0,0.68,0.0,0.7277,0.0,Winogrande
open-llm-leaderboard/details_akjindal53244__Mistral-7B-v0.1-Open-Platypus,1,0.0634,0.0,0.84,0.0,0.7766,0.0,Winogrande
open-llm-leaderboard/details_TinyPixel__testmodel2,1,0.018,0.0,0.72,0.0,0.738,0.0,Winogrande
open-llm-leaderboard/details_The-Face-Of-Goonery__Huginn-13b-v1.2,1,0.0278,0.0,0.78,0.0,0.7522,0.0,Winogrande
open-llm-leaderboard/details_TheBloke__robin-65b-v2-fp16,1,0.0451,0.0,0.76,0.0,0.8051,0.0,Winogrande
open-llm-leaderboard/details_yeontaek__WizardCoder-Python-13B-LoRa,1,0.0543,0.0,0.6,0.0,0.6543,0.0,Winogrande
open-llm-leaderboard/details_TheBloke__koala-13B-HF,1,0.0003,0.0,0.74,0.0,0.7403,0.0,Winogrande
open-llm-leaderboard/details_jondurbin__airoboros-7b,1,0.0496,0.0,0.66,0.0,0.7096,0.0,Winogrande
open-llm-leaderboard/details_TFLai__Airboros2.1-Platypus2-13B-QLora-0.80-epoch,1,0.0286,0.0,0.78,0.0,0.7514,0.0,Winogrande
open-llm-leaderboard/details_jondurbin__airoboros-7b-gpt4-1.4.1-qlora,1,0.0832,0.0,0.62,0.0,0.7032,0.0,Winogrande
open-llm-leaderboard/details_ehartford__Samantha-1.11-CodeLlama-34b,1,0.0148,0.0,0.72,0.0,0.7348,0.0,Winogrande
open-llm-leaderboard/details_jondurbin__airoboros-33b-gpt4-m2.0,1,0.0363,0.0,0.82,0.0,0.7837,0.0,Winogrande
open-llm-leaderboard/details_psmathur__orca_mini_v3_7b,1,0.0173,0.0,0.76,0.0,0.7427,0.0,Winogrande
open-llm-leaderboard/details_chargoddard__llama2-22b-blocktriangular,1,0.0407,0.0,0.8,0.0,0.7593,0.0,Winogrande
open-llm-leaderboard/details_The-Face-Of-Goonery__Huginn-13b-FP16,1,0.0228,0.0,0.76,0.0,0.7372,0.0,Winogrande
open-llm-leaderboard/details_upstage__llama-65b-instruct,1,0.0094,0.0,0.82,0.0,0.8106,0.0,Winogrande
open-llm-leaderboard/details_OpenAssistant__llama2-70b-oasst-sft-v10,1,0.02,0.0,0.84,0.0,0.82,0.0,Winogrande
open-llm-leaderboard/details_WizardLM__WizardMath-7B-V1.0,1,0.0531,0.0,0.78,0.0,0.7269,0.0,Winogrande
open-llm-leaderboard/details_openlm-research__open_llama_7b,1,0.0396,0.0,0.64,0.0,0.6796,0.0,Winogrande
open-llm-leaderboard/details_davzoku__cria-llama2-7b-v1.3,1,0.001,0.0,0.72,0.0,0.719,0.0,Winogrande
open-llm-leaderboard/details_stabilityai__StableBeluga-13B,1,0.0313,0.0,0.8,0.0,0.7687,0.0,Winogrande
open-llm-leaderboard/details_xzuyn__Alpacino-SuperCOT-13B,1,0.0505,0.0,0.82,0.0,0.7695,0.0,Winogrande
open-llm-leaderboard/details_mosaicml__mpt-30b-chat,1,0.033,0.0,0.72,0.0,0.753,0.0,Winogrande
open-llm-leaderboard/details_Aeala__GPT4-x-Alpasta-13b,1,0.0205,0.0,0.76,0.0,0.7395,0.0,Winogrande
open-llm-leaderboard/details_wahaha1987__llama_13b_sharegpt94k_fastchat,1,0.0661,0.0,0.66,0.0,0.7261,0.0,Winogrande
open-llm-leaderboard/details_Austism__chronos-hermes-13b-v2,1,0.0263,0.0,0.78,0.0,0.7537,0.0,Winogrande
open-llm-leaderboard/details_wenge-research__yayi-7b,1,0.0627,0.0,0.56,0.0,0.6227,0.0,Winogrande
open-llm-leaderboard/details_ashercn97__giraffe-7b,1,0.0502,0.0,0.74,0.0,0.6898,0.0,Winogrande
open-llm-leaderboard/details_lilloukas__Platypus-30B,1,0.0537,0.0,0.76,0.0,0.8137,0.0,Winogrande
open-llm-leaderboard/details_totally-not-an-llm__EverythingLM-13b-V2-16k,1,0.1101,0.0,0.62,0.0,0.7301,0.0,Winogrande
open-llm-leaderboard/details_fireballoon__baichuan-vicuna-chinese-7b,1,0.0285,0.0,0.64,0.0,0.6685,0.0,Winogrande
open-llm-leaderboard/details_shareAI__bimoGPT-llama2-13b,1,0.0552,0.0,0.82,0.0,0.7648,0.0,Winogrande
open-llm-leaderboard/details_bongchoi__test-llama2-7b,1,0.0203,0.0,0.72,0.0,0.7403,0.0,Winogrande
open-llm-leaderboard/details_rombodawg__Leaderboard-killer-MoE_4x7b,1,0.0165,0.0,0.62,0.0,0.6365,0.0,ARC Challenge
open-llm-leaderboard/details_LoSboccacc__orthogonal-2x7B-base,1,0.0689,0.0,0.6,0.0,0.6689,0.0,ARC Challenge
open-llm-leaderboard/details_Swisslex__Mixtral-Orca-v0.1,1,0.0629,0.0,0.76,0.0,0.6971,0.0,ARC Challenge
open-llm-leaderboard/details_wang7776__Mistral-7B-Instruct-v0.2-sparsity-20,1,0.0135,0.0,0.54,0.0,0.5265,0.0,ARC Challenge
open-llm-leaderboard/details_nfaheem__Marcoroni-7b-DPO-Merge,1,0.0304,0.0,0.7,0.0,0.7304,0.0,ARC Challenge
open-llm-leaderboard/details_maywell__PiVoT-SUS-RP,1,0.0055,0.0,0.66,0.0,0.6655,0.0,ARC Challenge
open-llm-leaderboard/details_BAAI__Aquila2-34B,1,0.0047,0.0,0.52,0.0,0.5247,0.0,ARC Challenge
open-llm-leaderboard/details_h2m__mhm-7b-v1.3,1,0.0447,0.0,0.52,0.0,0.4753,0.0,ARC Challenge
open-llm-leaderboard/details_huangyt__Mistral-7B-v0.1-Open-Platypus_2.5w-r16-gate_up_down,1,0.0326,0.0,0.58,0.0,0.6126,0.0,ARC Challenge
open-llm-leaderboard/details_Locutusque__Rhino-Mistral-7B,1,0.0012,0.0,0.48,0.0,0.4812,0.0,ARC Challenge
open-llm-leaderboard/details_flemmingmiguel__Distilled-HermesChat-7B,1,0.0549,0.0,0.62,0.0,0.6749,0.0,ARC Challenge
open-llm-leaderboard/details_umd-zhou-lab__claude2-alpaca-13B,1,0.0082,0.0,0.62,0.0,0.6118,0.0,ARC Challenge
open-llm-leaderboard/details_hywu__Camelidae-8x13B,1,0.0082,0.0,0.62,0.0,0.6118,0.0,ARC Challenge
open-llm-leaderboard/details_cognitivecomputations__yayi2-30b-llama,1,0.0833,0.0,0.44,0.0,0.3567,0.0,ARC Challenge
open-llm-leaderboard/details_Weyaxi__MetaMath-OpenHermes-2.5-neural-chat-v3-3-Slerp,1,0.0459,0.0,0.6,0.0,0.6459,0.0,ARC Challenge
open-llm-leaderboard/details_Sao10K__Sensualize-Solar-10.7B,1,0.0298,0.0,0.68,0.0,0.6502,0.0,ARC Challenge
open-llm-leaderboard/details_rombodawg__Open_Gpt4_8x7B,1,0.0328,0.0,0.66,0.0,0.6928,0.0,ARC Challenge
open-llm-leaderboard/details_defog__sqlcoder-34b-alpha,1,0.0182,0.0,0.56,0.0,0.5418,0.0,ARC Challenge
open-llm-leaderboard/details_Mihaiii__Pallas-0.5-LASER-0.6,1,0.0954,0.0,0.72,0.0,0.6246,0.0,ARC Challenge
open-llm-leaderboard/details_chargoddard__mixtralmerge-8x7B-rebalanced-test,1,0.0217,0.0,0.66,0.0,0.6817,0.0,ARC Challenge
open-llm-leaderboard/details_TIGER-Lab__TIGERScore-13B,1,0.0296,0.0,0.62,0.0,0.5904,0.0,ARC Challenge
open-llm-leaderboard/details_Mihaiii__Pallas-0.5-LASER-0.4,1,0.0869,0.0,0.72,0.0,0.6331,0.0,ARC Challenge
open-llm-leaderboard/details_OpenBuddy__openbuddy-falcon-40b-v16.1-4k,1,0.0342,0.0,0.64,0.0,0.6058,0.0,ARC Challenge
open-llm-leaderboard/details_decapoda-research__Antares-11b-v1,1,0.0251,0.0,0.62,0.0,0.6451,0.0,ARC Challenge
open-llm-leaderboard/details_Walmart-the-bag__Solar-10.7B-Cato,1,0.0531,0.0,0.74,0.0,0.6869,0.0,ARC Challenge
open-llm-leaderboard/details_Locutusque__Orca-2-13b-SFT-v6,1,0.0641,0.0,0.54,0.0,0.6041,0.0,ARC Challenge
open-llm-leaderboard/details_uukuguy__speechless-coder-ds-6.7b,1,0.0514,0.0,0.42,0.0,0.3686,0.0,ARC Challenge
open-llm-leaderboard/details_beberik__rawr,1,0.0799,0.0,0.56,0.0,0.6399,0.0,ARC Challenge
open-llm-leaderboard/details_Weyaxi__openchat-3.5-1210-Seraph-Slerp,1,0.0208,0.0,0.7,0.0,0.6792,0.0,ARC Challenge
open-llm-leaderboard/details_liuda1__dm7b_sft_gpt88w_merge,1,0.0029,0.0,0.62,0.0,0.6229,0.0,ARC Challenge
open-llm-leaderboard/details_SanjiWatsuki__Loyal-Macaroni-Maid-7B,1,0.04,0.0,0.64,0.0,0.68,0.0,ARC Challenge
open-llm-leaderboard/details_zyh3826__GML-Mistral-merged-v1,1,0.0125,0.0,0.7,0.0,0.7125,0.0,ARC Challenge
open-llm-leaderboard/details_Brillibits__Instruct_Mixtral-8x7B-v0.1_Dolly15K,1,0.0328,0.0,0.66,0.0,0.6928,0.0,ARC Challenge
open-llm-leaderboard/details_Weyaxi__SauerkrautLM-UNA-SOLAR-Instruct,1,0.031,0.0,0.74,0.0,0.709,0.0,ARC Challenge
open-llm-leaderboard/details_Mihaiii__Pallas-0.4,1,0.1035,0.0,0.74,0.0,0.6365,0.0,ARC Challenge
open-llm-leaderboard/details_abhinand__tamil-llama-13b-instruct-v0.1,1,0.0148,0.0,0.56,0.0,0.5452,0.0,ARC Challenge
open-llm-leaderboard/details_Open-Orca__Mixtral-SlimOrca-8x7B,1,0.0034,0.0,0.68,0.0,0.6766,0.0,ARC Challenge
open-llm-leaderboard/details_microsoft__phi-2,1,0.0109,0.0,0.6,0.0,0.6109,0.0,ARC Challenge
open-llm-leaderboard/details_Dans-DiscountModels__Dans-07YahooAnswers-7b,1,0.0352,0.0,0.58,0.0,0.6152,0.0,ARC Challenge
open-llm-leaderboard/details_janhq__supermario-slerp,1,0.0106,0.0,0.7,0.0,0.6894,0.0,ARC Challenge
open-llm-leaderboard/details_mistralai__Mixtral-8x7B-v0.1,1,0.0362,0.0,0.7,0.0,0.6638,0.0,ARC Challenge
open-llm-leaderboard/details_Intel__neural-chat-7b-v3-3-Slerp,1,0.0064,0.0,0.66,0.0,0.6664,0.0,ARC Challenge
open-llm-leaderboard/details_Locutusque__Orca-2-13B-no_robots,1,0.0513,0.0,0.54,0.0,0.5913,0.0,ARC Challenge
open-llm-leaderboard/details_uukuguy__speechless-code-mistral-7b-v2.0,1,0.063,0.0,0.46,0.0,0.523,0.0,ARC Challenge
open-llm-leaderboard/details_TokenBender__pic_7B_mistral_Full_v0.1,1,0.0391,0.0,0.6,0.0,0.6391,0.0,ARC Challenge
open-llm-leaderboard/details_Mihaiii__Pallas-0.2,1,0.1149,0.0,0.76,0.0,0.6451,0.0,ARC Challenge
open-llm-leaderboard/details_kyujinpy__PlatYi-34B-Llama,1,0.0383,0.0,0.64,0.0,0.6783,0.0,ARC Challenge
open-llm-leaderboard/details_Q-bert__MetaMath-Cybertron,1,0.0247,0.0,0.64,0.0,0.6647,0.0,ARC Challenge
open-llm-leaderboard/details_WebraftAI__synapsellm-7b-mistral-v0.3-preview,1,0.0584,0.0,0.48,0.0,0.5384,0.0,ARC Challenge
open-llm-leaderboard/details_xxyyy123__Mistral7B_adaptor_v1,1,0.0097,0.0,0.62,0.0,0.6297,0.0,ARC Challenge
open-llm-leaderboard/details_migtissera__Tess-M-v1.3,1,0.0546,0.0,0.68,0.0,0.6254,0.0,ARC Challenge
open-llm-leaderboard/details_euclaise__Ferret-7B,1,0.1029,0.0,0.52,0.0,0.6229,0.0,ARC Challenge
open-llm-leaderboard/details_maywell__Synatra-7B-v0.3-RP,1,0.002,0.0,0.62,0.0,0.622,0.0,ARC Challenge
open-llm-leaderboard/details_jondurbin__airoboros-m-7b-3.1.2,1,0.0186,0.0,0.6,0.0,0.6186,0.0,ARC Challenge
open-llm-leaderboard/details_luffycodes__llama-shishya-7b-ep3-v1,1,0.0196,0.0,0.5,0.0,0.4804,0.0,ARC Challenge
open-llm-leaderboard/details_teknium__CollectiveCognition-v1-Mistral-7B,1,0.0037,0.0,0.62,0.0,0.6237,0.0,ARC Challenge
open-llm-leaderboard/details_glaiveai__glaive-coder-7b,1,0.0134,0.0,0.44,0.0,0.4266,0.0,ARC Challenge
open-llm-leaderboard/details_LTC-AI-Labs__L2-7b-Beluga-WVG-Test,1,0.0025,0.0,0.54,0.0,0.5375,0.0,ARC Challenge
open-llm-leaderboard/details_YeungNLP__firefly-llama2-13b-pretrain,1,0.0208,0.0,0.56,0.0,0.5392,0.0,ARC Challenge
open-llm-leaderboard/details_migtissera__SynthIA-7B-v1.3,1,0.0612,0.0,0.56,0.0,0.6212,0.0,ARC Challenge
open-llm-leaderboard/details_PygmalionAI__pygmalion-2-7b,1,0.0001,0.0,0.54,0.0,0.5401,0.0,ARC Challenge
open-llm-leaderboard/details_zarakiquemparte__kuchiki-l2-7b,1,0.0565,0.0,0.6,0.0,0.5435,0.0,ARC Challenge
open-llm-leaderboard/details_PocketDoc__Dans-RetroRodeo-13b,1,0.0216,0.0,0.56,0.0,0.5384,0.0,ARC Challenge
open-llm-leaderboard/details_jondurbin__airoboros-c34b-2.2.1,1,0.0069,0.0,0.54,0.0,0.5469,0.0,ARC Challenge
open-llm-leaderboard/details_BELLE-2__BELLE-Llama2-13B-chat-0.4M,1,0.0133,0.0,0.62,0.0,0.6067,0.0,ARC Challenge
open-llm-leaderboard/details_DevaMalla__llama_7b_lora,1,0.0086,0.0,0.54,0.0,0.5486,0.0,ARC Challenge
open-llm-leaderboard/details_akjindal53244__Mistral-7B-v0.1-Open-Platypus,1,0.0637,0.0,0.56,0.0,0.6237,0.0,ARC Challenge
open-llm-leaderboard/details_TinyPixel__testmodel2,1,0.0324,0.0,0.5,0.0,0.5324,0.0,ARC Challenge
open-llm-leaderboard/details_The-Face-Of-Goonery__Huginn-13b-v1.2,1,0.0108,0.0,0.62,0.0,0.6092,0.0,ARC Challenge
open-llm-leaderboard/details_TheBloke__robin-65b-v2-fp16,1,0.0005,0.0,0.62,0.0,0.6195,0.0,ARC Challenge
open-llm-leaderboard/details_yeontaek__WizardCoder-Python-13B-LoRa,1,0.0178,0.0,0.46,0.0,0.4778,0.0,ARC Challenge
open-llm-leaderboard/details_TheBloke__koala-13B-HF,1,0.0299,0.0,0.5,0.0,0.5299,0.0,ARC Challenge
open-llm-leaderboard/details_jondurbin__airoboros-7b,1,0.0493,0.0,0.58,0.0,0.5307,0.0,ARC Challenge
open-llm-leaderboard/details_TFLai__Airboros2.1-Platypus2-13B-QLora-0.80-epoch,1,0.0304,0.0,0.62,0.0,0.5896,0.0,ARC Challenge
open-llm-leaderboard/details_jondurbin__airoboros-7b-gpt4-1.4.1-qlora,1,0.0327,0.0,0.56,0.0,0.5273,0.0,ARC Challenge
open-llm-leaderboard/details_ehartford__Samantha-1.11-CodeLlama-34b,1,0.0143,0.0,0.58,0.0,0.5657,0.0,ARC Challenge
open-llm-leaderboard/details_jondurbin__airoboros-33b-gpt4-m2.0,1,0.0086,0.0,0.64,0.0,0.6314,0.0,ARC Challenge
open-llm-leaderboard/details_psmathur__orca_mini_v3_7b,1,0.0109,0.0,0.58,0.0,0.5691,0.0,ARC Challenge
open-llm-leaderboard/details_chargoddard__llama2-22b-blocktriangular,1,0.0372,0.0,0.62,0.0,0.5828,0.0,ARC Challenge
open-llm-leaderboard/details_The-Face-Of-Goonery__Huginn-13b-FP16,1,0.0142,0.0,0.62,0.0,0.6058,0.0,ARC Challenge
open-llm-leaderboard/details_upstage__llama-65b-instruct,1,0.0114,0.0,0.7,0.0,0.6886,0.0,ARC Challenge
open-llm-leaderboard/details_OpenAssistant__llama2-70b-oasst-sft-v10,1,0.0106,0.0,0.66,0.0,0.6706,0.0,ARC Challenge
open-llm-leaderboard/details_WizardLM__WizardMath-7B-V1.0,1,0.041,0.0,0.5,0.0,0.541,0.0,ARC Challenge
open-llm-leaderboard/details_openlm-research__open_llama_7b,1,0.0401,0.0,0.5,0.0,0.4599,0.0,ARC Challenge
open-llm-leaderboard/details_davzoku__cria-llama2-7b-v1.3,1,0.0127,0.0,0.54,0.0,0.5273,0.0,ARC Challenge
open-llm-leaderboard/details_stabilityai__StableBeluga-13B,1,0.0397,0.0,0.66,0.0,0.6203,0.0,ARC Challenge
open-llm-leaderboard/details_xzuyn__Alpacino-SuperCOT-13B,1,0.0236,0.0,0.56,0.0,0.5836,0.0,ARC Challenge
open-llm-leaderboard/details_mosaicml__mpt-30b-chat,1,0.0164,0.0,0.6,0.0,0.5836,0.0,ARC Challenge
open-llm-leaderboard/details_Aeala__GPT4-x-Alpasta-13b,1,0.0547,0.0,0.64,0.0,0.5853,0.0,ARC Challenge
open-llm-leaderboard/details_wahaha1987__llama_13b_sharegpt94k_fastchat,1,0.0575,0.0,0.48,0.0,0.5375,0.0,ARC Challenge
open-llm-leaderboard/details_Austism__chronos-hermes-13b-v2,1,0.0568,0.0,0.66,0.0,0.6032,0.0,ARC Challenge
open-llm-leaderboard/details_wenge-research__yayi-7b,1,0.0767,0.0,0.54,0.0,0.4633,0.0,ARC Challenge
open-llm-leaderboard/details_ashercn97__giraffe-7b,1,0.0082,0.0,0.48,0.0,0.4718,0.0,ARC Challenge
open-llm-leaderboard/details_lilloukas__Platypus-30B,1,0.0341,0.0,0.68,0.0,0.6459,0.0,ARC Challenge
open-llm-leaderboard/details_totally-not-an-llm__EverythingLM-13b-V2-16k,1,0.033,0.0,0.62,0.0,0.587,0.0,ARC Challenge
open-llm-leaderboard/details_fireballoon__baichuan-vicuna-chinese-7b,1,0.0648,0.0,0.5,0.0,0.4352,0.0,ARC Challenge
open-llm-leaderboard/details_shareAI__bimoGPT-llama2-13b,1,0.0521,0.0,0.64,0.0,0.5879,0.0,ARC Challenge
open-llm-leaderboard/details_bongchoi__test-llama2-7b,1,0.0707,0.0,0.46,0.0,0.5307,0.0,ARC Challenge
