model_name,n_seeds,simple_random_error_mean,simple_random_error_std,simple_random_prediction_mean,simple_random_prediction_std,simple_random_true_performance_mean,simple_random_true_performance_std
01-ai/yi-34b,1,0.0745,0.0,0.72,0.0,0.6455,0.0
01-ai/yi-6b,1,0.0597,0.0,0.58,0.0,0.5203,0.0
01-ai/yi-large-preview,1,0.064,0.0,0.78,0.0,0.716,0.0
AlephAlpha/luminous-base,1,0.0307,0.0,0.26,0.0,0.2293,0.0
AlephAlpha/luminous-extended,1,0.0493,0.0,0.21,0.0,0.2593,0.0
AlephAlpha/luminous-supreme,1,0.0034,0.0,0.3,0.0,0.3034,0.0
ai21/j2-grande,1,0.0379,0.0,0.5,0.0,0.4621,0.0
ai21/j2-jumbo,1,0.0373,0.0,0.51,0.0,0.4727,0.0
ai21/jamba-1.5-large,1,0.0604,0.0,0.75,0.0,0.6896,0.0
ai21/jamba-instruct,1,0.065,0.0,0.64,0.0,0.575,0.0
allenai/olmo-7b,1,0.0019,0.0,0.3,0.0,0.2981,0.0
amazon/nova-lite-v1:0,1,0.0151,0.0,0.71,0.0,0.6949,0.0
amazon/nova-micro-v1:0,1,0.0663,0.0,0.71,0.0,0.6437,0.0
amazon/nova-pro-v1:0,1,0.0263,0.0,0.79,0.0,0.7637,0.0
anthropic/claude-2.0,1,0.048,0.0,0.69,0.0,0.642,0.0
anthropic/claude-2.1,1,0.0592,0.0,0.71,0.0,0.6508,0.0
anthropic/claude-3-5-haiku-20241022,1,0.0033,0.0,0.67,0.0,0.6667,0.0
anthropic/claude-3-haiku-20240307,1,0.0569,0.0,0.72,0.0,0.6631,0.0
anthropic/claude-3-opus-20240229,1,0.0116,0.0,0.77,0.0,0.7584,0.0
anthropic/claude-3-sonnet-20240229,1,0.0092,0.0,0.66,0.0,0.6508,0.0
anthropic/claude-v1.3,1,0.0368,0.0,0.67,0.0,0.6332,0.0
cohere/command-light,1,0.0027,0.0,0.38,0.0,0.3827,0.0
cohere/command-r-plus,1,0.0768,0.0,0.68,0.0,0.6032,0.0
cohere/command-r,1,0.048,0.0,0.63,0.0,0.582,0.0
cohere/command,1,0.028,0.0,0.55,0.0,0.522,0.0
databricks/dbrx-instruct,1,0.078,0.0,0.72,0.0,0.642,0.0
google/gemini-1.0-pro-002,1,0.0291,0.0,0.56,0.0,0.5309,0.0
google/gemini-1.5-flash-001,1,0.0281,0.0,0.73,0.0,0.7019,0.0
google/gemini-1.5-flash-002,1,0.021,0.0,0.7,0.0,0.679,0.0
google/gemini-1.5-pro-001,1,0.026,0.0,0.75,0.0,0.776,0.0
google/gemini-1.5-pro-002,1,0.0354,0.0,0.76,0.0,0.7954,0.0
google/gemma-7b,1,0.0909,0.0,0.65,0.0,0.5591,0.0
google/text-bison@001,1,0.0851,0.0,0.69,0.0,0.6049,0.0
google/text-unicorn@001,1,0.0363,0.0,0.74,0.0,0.7037,0.0
meta/llama-2-13b,1,0.0338,0.0,0.54,0.0,0.5062,0.0
meta/llama-2-70b,1,0.0515,0.0,0.63,0.0,0.5785,0.0
meta/llama-2-7b,1,0.0127,0.0,0.4,0.0,0.4127,0.0
meta/llama-3-70b,1,0.0745,0.0,0.78,0.0,0.7055,0.0
meta/llama-3-8b,1,0.0768,0.0,0.68,0.0,0.6032,0.0
meta/llama-3.1-405b-instruct-turbo,1,0.0163,0.0,0.78,0.0,0.7637,0.0
meta/llama-3.1-70b-instruct-turbo,1,0.0175,0.0,0.73,0.0,0.7125,0.0
meta/llama-3.1-8b-instruct-turbo,1,0.0426,0.0,0.54,0.0,0.4974,0.0
meta/llama-3.2-11b-vision-instruct-turbo,1,0.0338,0.0,0.54,0.0,0.5062,0.0
meta/llama-3.2-90b-vision-instruct-turbo,1,0.0163,0.0,0.72,0.0,0.7037,0.0
meta/llama-3.3-70b-instruct-turbo,1,0.0563,0.0,0.76,0.0,0.7037,0.0
meta/llama-65b,1,0.0185,0.0,0.56,0.0,0.5785,0.0
microsoft/phi-2,1,0.0426,0.0,0.54,0.0,0.4974,0.0
microsoft/phi-3-small-8k-instruct,1,0.0804,0.0,0.74,0.0,0.6596,0.0
mistralai/mistral-7b-v0.1,1,0.0698,0.0,0.65,0.0,0.5802,0.0
mistralai/mistral-large-2402,1,0.058,0.0,0.7,0.0,0.642,0.0
mistralai/mistral-small-2402,1,0.0256,0.0,0.62,0.0,0.5944,0.0
mistralai/mixtral-8x22b,1,0.0175,0.0,0.73,0.0,0.7125,0.0
mistralai/mixtral-8x7b-32kseqlen,1,0.0527,0.0,0.7,0.0,0.6473,0.0
mistralai/open-mistral-nemo-2407,1,0.0096,0.0,0.59,0.0,0.5996,0.0
openai/gpt-3.5-turbo-0613,1,0.0398,0.0,0.65,0.0,0.6102,0.0
openai/gpt-4-1106-preview,1,0.0528,0.0,0.76,0.0,0.7072,0.0
openai/gpt-4-turbo-2024-04-09,1,0.0475,0.0,0.76,0.0,0.7125,0.0
openai/gpt-4o-2024-05-13,1,0.0251,0.0,0.78,0.0,0.7549,0.0
openai/gpt-4o-2024-08-06,1,0.054,0.0,0.8,0.0,0.746,0.0
openai/gpt-4o-mini-2024-07-18,1,0.0233,0.0,0.69,0.0,0.6667,0.0
openai/text-davinci-002,1,0.1039,0.0,0.67,0.0,0.5661,0.0
openai/text-davinci-003,1,0.048,0.0,0.6,0.0,0.552,0.0
qwen/qwen1.5-14b,1,0.0427,0.0,0.66,0.0,0.6173,0.0
qwen/qwen1.5-7b,1,0.0709,0.0,0.63,0.0,0.5591,0.0
qwen/qwen2.5-72b-instruct-turbo,1,0.0093,0.0,0.78,0.0,0.7707,0.0
qwen/qwen2.5-7b-instruct-turbo,1,0.0604,0.0,0.72,0.0,0.6596,0.0
snowflake/snowflake-arctic-instruct,1,0.0268,0.0,0.6,0.0,0.5732,0.0
writer/palmyra-x-004,1,0.0222,0.0,0.77,0.0,0.7478,0.0
writer/palmyra-x-v2,1,0.0757,0.0,0.7,0.0,0.6243,0.0
